# Created by Octave 4.2.2, Sun May 27 14:54:52 2018 GMT <unknown@unknown>
# name: ans
# type: scalar
1


# name: approximateSolutionSimpson
# type: matrix
# rows: 1
# columns: 1000
 1.358974358974359 0.5300618921308575 0.6440330072278264 0.5234765638597094 0.5698340874811462 0.5403602814744968 0.5546995939763597 0.54666380687067 0.5508406957152597 0.5485816035037205 0.5497782825825253 0.549137617199444 0.5494788775304185 0.5492967482044487 0.549393947643799 0.5493421433983491 0.5493698244565181 0.5493550917853273 0.5493629783717617 0.5493587917151252 0.5493610413818899 0.54935985389134 0.549360497472138 0.5493601622044517 0.5493603476019455 0.5493602540306053 0.5493603083405857 0.5493602830063817 0.5493602995592317 0.5493602932793578 0.5493602987845626 0.5493602976781568 0.5493602998314322 0.5493603000237485 0.5493603010770252 0.5493603015156573 0.5493603021512513 0.5493603025708608 0.5493603030113362 0.5493603033600593 0.5493603036885705 0.5493603039683086 0.5493603042225936 0.5493603044458166 0.5493603046467672 0.5493603048256933 0.5493603049866843 0.5493603051311783 0.549360305261523 0.5493603053791555 0.5493603054856386 0.5493603055821606 0.5493603056698491 0.5493603057496406 0.5493603058223817 0.5493603058888024 0.5493603059495527 0.5493603060052021 0.5493603060562571 0.5493603061031649 0.5493603061463238 0.5493603061860868 0.5493603062227699 0.549360306256655 0.5493603062879947 0.5493603063170146 0.5493603063439173 0.5493603063688864 0.549360306392086 0.5493603064136638 0.5493603064337546 0.5493603064524795 0.5493603064699487 0.5493603064862616 0.5493603065015089 0.5493603065157729 0.549360306529129 0.5493603065416457 0.5493603065533851 0.5493603065644048 0.5493603065747571 0.5493603065844893 0.5493603065936464 0.5493603066022682 0.549360306610392 0.5493603066180514 0.5493603066252786 0.549360306632102 0.5493603066385486 0.5493603066446427 0.549360306650408 0.5493603066558651 0.5493603066610336 0.5493603066659314 0.5493603066705756 0.5493603066749819 0.5493603066791642 0.5493603066831368 0.5493603066869115 0.5493603066905003 0.5493603066939144 0.5493603066971632 0.5493603067002573 0.5493603067032041 0.549360306706013 0.5493603067086912 0.5493603067112456 0.5493603067136842 0.5493603067160122 0.5493603067182353 0.5493603067203604 0.5493603067223917 0.549360306724334 0.5493603067261923 0.5493603067279709 0.549360306729674 0.5493603067313052 0.549360306732868 0.549360306734366 0.5493603067358025 0.5493603067371804 0.5493603067385022 0.5493603067397713 0.5493603067409893 0.5493603067421602 0.5493603067432846 0.5493603067443651 0.549360306745404 0.5493603067464035 0.5493603067473642 0.5493603067482894 0.5493603067491795 0.5493603067500369 0.5493603067508621 0.5493603067516574 0.549360306752424 0.5493603067531626 0.5493603067538745 0.5493603067545617 0.5493603067552243 0.549360306755864 0.5493603067564813 0.5493603067570769 0.5493603067576526 0.5493603067582078 0.5493603067587446 0.5493603067592634 0.549360306759765 0.5493603067602492 0.5493603067607185 0.549360306761172 0.5493603067616103 0.5493603067620351 0.5493603067624453 0.5493603067628435 0.5493603067632281 0.5493603067636015 0.5493603067639625 0.5493603067643126 0.549360306764651 0.5493603067649807 0.5493603067652986 0.5493603067656078 0.5493603067659079 0.549360306766198 0.5493603067664804 0.5493603067667535 0.5493603067670194 0.5493603067672767 0.5493603067675276 0.5493603067677697 0.5493603067680058 0.5493603067682359 0.5493603067684585 0.549360306768675 0.549360306768885 0.5493603067690888 0.5493603067692876 0.5493603067694811 0.5493603067696692 0.5493603067698514 0.5493603067700297 0.5493603067702022 0.54936030677037 0.5493603067705344 0.5493603067706934 0.5493603067708492 0.5493603067709997 0.5493603067711474 0.5493603067712906 0.54936030677143 0.5493603067715662 0.5493603067716981 0.5493603067718271 0.5493603067719531 0.549360306772076 0.5493603067721954 0.5493603067723115 0.5493603067724253 0.5493603067725361 0.5493603067726436 0.5493603067727495 0.549360306772852 0.5493603067729526 0.5493603067730507 0.5493603067731454 0.5493603067732392 0.5493603067733305 0.5493603067734192 0.549360306773506 0.5493603067735904 0.5493603067736725 0.5493603067737542 0.5493603067738333 0.5493603067739099 0.5493603067739852 0.5493603067740592 0.5493603067741308 0.5493603067742014 0.5493603067742704 0.5493603067743374 0.5493603067744028 0.5493603067744666 0.5493603067745297 0.549360306774591 0.549360306774651 0.5493603067747099 0.5493603067747675 0.5493603067748238 0.5493603067748782 0.5493603067749321 0.5493603067749849 0.5493603067750363 0.5493603067750872 0.5493603067751367 0.5493603067751844 0.5493603067752321 0.5493603067752787 0.5493603067753232 0.5493603067753678 0.5493603067754119 0.5493603067754543 0.5493603067754962 0.5493603067755373 0.5493603067755769 0.5493603067756161 0.5493603067756544 0.5493603067756926 0.5493603067757291 0.5493603067757656 0.5493603067758008 0.5493603067758358 0.5493603067758702 0.5493603067759032 0.5493603067759359 0.549360306775968 0.549360306776 0.549360306776031 0.5493603067760615 0.5493603067760908 0.5493603067761204 0.5493603067761487 0.5493603067761764 0.549360306776204 0.5493603067762318 0.5493603067762578 0.5493603067762836 0.5493603067763096 0.5493603067763346 0.5493603067763598 0.549360306776384 0.5493603067764069 0.5493603067764302 0.549360306776453 0.5493603067764756 0.5493603067764978 0.5493603067765199 0.5493603067765412 0.5493603067765619 0.549360306776583 0.549360306776603 0.5493603067766231 0.5493603067766419 0.549360306776661 0.5493603067766799 0.5493603067766986 0.549360306776716 0.5493603067767343 0.549360306776752 0.5493603067767689 0.5493603067767857 0.5493603067768029 0.5493603067768189 0.5493603067768341 0.5493603067768508 0.549360306776866 0.5493603067768814 0.5493603067768965 0.5493603067769112 0.5493603067769253 0.5493603067769404 0.5493603067769542 0.549360306776968 0.5493603067769807 0.5493603067769952 0.5493603067770081 0.549360306777021 0.5493603067770333 0.5493603067770464 0.549360306777059 0.5493603067770707 0.5493603067770825 0.549360306777094 0.5493603067771059 0.5493603067771178 0.5493603067771283 0.5493603067771401 0.5493603067771499 0.5493603067771612 0.5493603067771714 0.5493603067771818 0.5493603067771923 0.5493603067772018 0.5493603067772115 0.5493603067772221 0.5493603067772304 0.5493603067772412 0.5493603067772493 0.5493603067772594 0.5493603067772681 0.549360306777277 0.5493603067772863 0.5493603067772941 0.549360306777303 0.5493603067773114 0.5493603067773197 0.5493603067773276 0.5493603067773359 0.5493603067773438 0.5493603067773516 0.5493603067773596 0.549360306777366 0.5493603067773738 0.5493603067773815 0.5493603067773882 0.5493603067773944 0.5493603067774029 0.5493603067774098 0.5493603067774163 0.5493603067774226 0.54936030677743 0.5493603067774364 0.5493603067774422 0.5493603067774485 0.549360306777455 0.5493603067774604 0.5493603067774677 0.5493603067774728 0.5493603067774795 0.5493603067774852 0.5493603067774908 0.5493603067774967 0.5493603067775026 0.549360306777507 0.5493603067775132 0.5493603067775188 0.549360306777524 0.5493603067775288 0.549360306777534 0.5493603067775391 0.5493603067775447 0.5493603067775492 0.5493603067775547 0.549360306777559 0.5493603067775635 0.5493603067775683 0.5493603067775734 0.549360306777577 0.5493603067775822 0.5493603067775858 0.5493603067775908 0.5493603067775951 0.5493603067775995 0.5493603067776035 0.5493603067776087 0.5493603067776116 0.5493603067776162 0.54936030677762 0.5493603067776235 0.5493603067776277 0.5493603067776318 0.5493603067776351 0.5493603067776397 0.5493603067776435 0.5493603067776462 0.5493603067776506 0.5493603067776534 0.5493603067776575 0.5493603067776606 0.5493603067776645 0.5493603067776683 0.549360306777671 0.5493603067776753 0.5493603067776776 0.549360306777681 0.549360306777684 0.5493603067776873 0.5493603067776908 0.5493603067776941 0.549360306777696 0.5493603067776992 0.5493603067777023 0.5493603067777049 0.5493603067777081 0.5493603067777121 0.5493603067777144 0.5493603067777176 0.5493603067777193 0.5493603067777223 0.549360306777725 0.5493603067777272 0.5493603067777302 0.5493603067777331 0.549360306777735 0.5493603067777385 0.5493603067777402 0.5493603067777429 0.5493603067777455 0.5493603067777469 0.5493603067777499 0.5493603067777524 0.5493603067777547 0.5493603067777568 0.5493603067777594 0.5493603067777623 0.5493603067777648 0.5493603067777656 0.5493603067777683 0.5493603067777706 0.5493603067777729 0.5493603067777748 0.5493603067777763 0.5493603067777788 0.5493603067777804 0.5493603067777841 0.5493603067777857 0.5493603067777877 0.5493603067777888 0.549360306777791 0.5493603067777932 0.549360306777795 0.5493603067777972 0.5493603067777985 0.5493603067778 0.5493603067778027 0.5493603067778039 0.5493603067778053 0.5493603067778073 0.5493603067778093 0.5493603067778109 0.5493603067778128 0.5493603067778143 0.5493603067778164 0.5493603067778178 0.549360306777819 0.549360306777821 0.5493603067778227 0.5493603067778241 0.5493603067778253 0.5493603067778268 0.5493603067778287 0.5493603067778307 0.5493603067778315 0.5493603067778327 0.5493603067778344 0.5493603067778368 0.5493603067778376 0.5493603067778386 0.5493603067778396 0.5493603067778413 0.5493603067778421 0.5493603067778442 0.5493603067778453 0.5493603067778472 0.5493603067778488 0.5493603067778492 0.5493603067778507 0.5493603067778522 0.5493603067778527 0.5493603067778547 0.5493603067778554 0.5493603067778569 0.549360306777858 0.54936030677786 0.549360306777861 0.5493603067778617 0.5493603067778629 0.5493603067778637 0.5493603067778653 0.549360306777867 0.5493603067778676 0.5493603067778686 0.5493603067778692 0.5493603067778702 0.5493603067778724 0.5493603067778731 0.549360306777874 0.5493603067778746 0.5493603067778761 0.5493603067778766 0.5493603067778776 0.5493603067778795 0.5493603067778802 0.5493603067778813 0.5493603067778821 0.5493603067778829 0.5493603067778839 0.5493603067778853 0.5493603067778861 0.5493603067778864 0.5493603067778872 0.5493603067778877 0.5493603067778892 0.5493603067778899 0.5493603067778915 0.5493603067778922 0.5493603067778936 0.549360306777894 0.5493603067778944 0.549360306777896 0.549360306777896 0.5493603067778972 0.5493603067778985 0.5493603067778988 0.5493603067778995 0.5493603067779004 0.5493603067779009 0.549360306777902 0.5493603067779022 0.5493603067779028 0.5493603067779049 0.5493603067779051 0.5493603067779061 0.5493603067779068 0.5493603067779068 0.5493603067779077 0.5493603067779087 0.5493603067779089 0.5493603067779091 0.5493603067779106 0.5493603067779114 0.5493603067779119 0.5493603067779125 0.5493603067779138 0.5493603067779138 0.5493603067779146 0.5493603067779153 0.5493603067779156 0.5493603067779168 0.5493603067779168 0.5493603067779179 0.5493603067779192 0.5493603067779189 0.5493603067779197 0.5493603067779195 0.5493603067779205 0.5493603067779212 0.549360306777922 0.5493603067779221 0.5493603067779236 0.5493603067779235 0.549360306777925 0.5493603067779251 0.5493603067779262 0.5493603067779264 0.5493603067779266 0.5493603067779271 0.5493603067779284 0.5493603067779281 0.5493603067779292 0.5493603067779304 0.5493603067779294 0.549360306777931 0.5493603067779308 0.5493603067779315 0.5493603067779327 0.5493603067779321 0.549360306777933 0.549360306777934 0.549360306777934 0.5493603067779343 0.5493603067779345 0.5493603067779361 0.5493603067779363 0.5493603067779366 0.549360306777937 0.5493603067779363 0.5493603067779376 0.5493603067779387 0.5493603067779388 0.5493603067779395 0.549360306777939 0.5493603067779403 0.5493603067779401 0.5493603067779408 0.549360306777941 0.5493603067779422 0.5493603067779421 0.5493603067779432 0.5493603067779428 0.5493603067779428 0.5493603067779445 0.549360306777944 0.5493603067779448 0.5493603067779449 0.5493603067779453 0.5493603067779453 0.5493603067779467 0.549360306777947 0.5493603067779468 0.5493603067779477 0.549360306777948 0.5493603067779491 0.5493603067779496 0.5493603067779483 0.5493603067779492 0.5493603067779508 0.5493603067779501 0.5493603067779507 0.5493603067779504 0.5493603067779511 0.5493603067779513 0.5493603067779512 0.5493603067779522 0.5493603067779522 0.5493603067779534 0.5493603067779532 0.5493603067779533 0.5493603067779532 0.5493603067779542 0.5493603067779543 0.549360306777955 0.5493603067779552 0.5493603067779554 0.5493603067779562 0.5493603067779558 0.5493603067779559 0.5493603067779573 0.5493603067779566 0.5493603067779576 0.5493603067779572 0.5493603067779574 0.5493603067779577 0.5493603067779586 0.5493603067779586 0.5493603067779593 0.5493603067779599 0.5493603067779592 0.5493603067779602 0.5493603067779601 0.5493603067779599 0.54936030677796 0.5493603067779612 0.5493603067779612 0.5493603067779613 0.5493603067779614 0.549360306777962 0.5493603067779621 0.5493603067779617 0.5493603067779631 0.5493603067779635 0.5493603067779632 0.5493603067779641 0.5493603067779637 0.5493603067779639 0.5493603067779643 0.5493603067779649 0.549360306777965 0.5493603067779644 0.5493603067779649 0.5493603067779657 0.5493603067779659 0.5493603067779662 0.5493603067779655 0.5493603067779662 0.5493603067779663 0.5493603067779665 0.5493603067779669 0.5493603067779678 0.5493603067779665 0.5493603067779681 0.5493603067779681 0.5493603067779692 0.5493603067779679 0.5493603067779695 0.5493603067779689 0.5493603067779691 0.5493603067779698 0.5493603067779698 0.5493603067779699 0.5493603067779698 0.5493603067779703 0.5493603067779698 0.5493603067779702 0.5493603067779703 0.5493603067779708 0.549360306777971 0.5493603067779717 0.5493603067779714 0.5493603067779718 0.5493603067779723 0.5493603067779712 0.549360306777972 0.5493603067779724 0.5493603067779722 0.5493603067779724 0.5493603067779733 0.549360306777973 0.5493603067779741 0.5493603067779745 0.5493603067779731 0.5493603067779738 0.5493603067779733 0.5493603067779745 0.5493603067779741 0.5493603067779749 0.5493603067779746 0.5493603067779752 0.549360306777975 0.5493603067779762 0.5493603067779761 0.5493603067779758 0.5493603067779763 0.5493603067779754 0.5493603067779776 0.5493603067779761 0.5493603067779765 0.5493603067779759 0.5493603067779762 0.5493603067779771 0.549360306777978 0.5493603067779775 0.5493603067779781 0.5493603067779779 0.549360306777978 0.5493603067779775 0.5493603067779781 0.5493603067779776 0.5493603067779783 0.5493603067779796 0.549360306777979 0.5493603067779795 0.5493603067779789 0.5493603067779791 0.549360306777979 0.5493603067779791 0.5493603067779795 0.5493603067779793 0.54936030677798 0.5493603067779808 0.5493603067779815 0.5493603067779805 0.5493603067779808 0.5493603067779805 0.5493603067779812 0.5493603067779806 0.5493603067779806 0.5493603067779804 0.5493603067779808 0.5493603067779815 0.5493603067779815 0.5493603067779815 0.5493603067779814 0.549360306777982 0.5493603067779819 0.5493603067779818 0.5493603067779822 0.5493603067779824 0.5493603067779821 0.5493603067779828 0.5493603067779819 0.5493603067779826 0.5493603067779833 0.5493603067779825 0.5493603067779838 0.5493603067779831 0.5493603067779841 0.5493603067779839 0.5493603067779826 0.5493603067779845 0.5493603067779836 0.5493603067779843 0.5493603067779842 0.5493603067779836 0.5493603067779839 0.5493603067779853 0.5493603067779849 0.5493603067779839 0.5493603067779858 0.5493603067779846 0.5493603067779854 0.5493603067779852 0.5493603067779859 0.5493603067779864 0.5493603067779854 0.5493603067779856 0.549360306777986 0.5493603067779859 0.5493603067779855 0.549360306777986 0.549360306777987 0.5493603067779855 0.5493603067779871 0.5493603067779868 0.5493603067779858 0.5493603067779872 0.549360306777987 0.5493603067779873 0.5493603067779879 0.5493603067779864 0.5493603067779871 0.5493603067779873 0.5493603067779878 0.5493603067779882 0.5493603067779873 0.5493603067779876 0.5493603067779878 0.5493603067779874 0.5493603067779875 0.5493603067779871 0.5493603067779874 0.5493603067779884 0.5493603067779878 0.5493603067779879 0.5493603067779886 0.5493603067779892 0.5493603067779889 0.5493603067779883 0.549360306777989 0.5493603067779883 0.5493603067779887 0.5493603067779897 0.5493603067779901 0.5493603067779886 0.5493603067779896 0.5493603067779887 0.5493603067779901 0.5493603067779891 0.5493603067779904 0.5493603067779896 0.5493603067779902 0.5493603067779893 0.54936030677799 0.5493603067779887 0.5493603067779895 0.5493603067779892 0.5493603067779906 0.5493603067779907 0.5493603067779903 0.5493603067779906 0.5493603067779911 0.5493603067779894 0.5493603067779902 0.5493603067779911 0.5493603067779901 0.5493603067779911 0.5493603067779909 0.5493603067779907 0.5493603067779907 0.549360306777991 0.5493603067779915 0.5493603067779912 0.5493603067779902 0.5493603067779919 0.5493603067779921 0.5493603067779919 0.5493603067779913 0.5493603067779921 0.5493603067779902 0.5493603067779926 0.5493603067779914 0.5493603067779914 0.549360306777993 0.5493603067779909 0.5493603067779926 0.5493603067779923 0.549360306777992 0.5493603067779917 0.5493603067779921 0.5493603067779915 0.5493603067779926 0.5493603067779925 0.5493603067779914 0.549360306777993 0.5493603067779926 0.5493603067779921 0.549360306777993 0.549360306777993 0.5493603067779922 0.549360306777994 0.5493603067779925 0.5493603067779944 0.5493603067779939 0.5493603067779926 0.549360306777994 0.5493603067779937 0.5493603067779934 0.5493603067779933 0.5493603067779931 0.549360306777994 0.549360306777994 0.5493603067779941 0.5493603067779937 0.5493603067779945 0.5493603067779951 0.5493603067779931 0.5493603067779951 0.5493603067779936 0.5493603067779942 0.5493603067779941 0.5493603067779943 0.5493603067779943 0.5493603067779945 0.549360306777995 0.549360306777994 0.5493603067779945 0.5493603067779946 0.5493603067779953 0.549360306777995 0.5493603067779952 0.5493603067779946 0.5493603067779949 0.5493603067779954 0.5493603067779934 0.549360306777996 0.5493603067779946 0.5493603067779939 0.5493603067779949 0.5493603067779953 0.5493603067779947 0.5493603067779951 0.549360306777996 0.549360306777995 0.549360306777994 0.5493603067779947 0.5493603067779952 0.5493603067779955 0.5493603067779954 0.5493603067779952 0.5493603067779963 0.5493603067779951 0.5493603067779972 0.5493603067779956 0.5493603067779965 0.5493603067779955 0.5493603067779951 0.5493603067779956 0.5493603067779959 0.5493603067779952 0.5493603067779957 0.549360306777996 0.5493603067779961 0.5493603067779972 0.5493603067779959 0.5493603067779961 0.549360306777996 0.5493603067779963 0.5493603067779951 0.5493603067779964 0.5493603067779964 0.5493603067779957 0.5493603067779969 0.5493603067779957 0.5493603067779966 0.549360306777997 0.5493603067779967 0.5493603067779975 0.5493603067779967 0.5493603067779975 0.5493603067779965 0.5493603067779964 0.5493603067779956 0.549360306777997 0.5493603067779967 0.5493603067779969 0.5493603067779975 0.5493603067779962 0.5493603067779966 0.5493603067779973 0.5493603067779967 0.5493603067779971 0.5493603067779966 0.5493603067779973 0.5493603067779964 0.549360306777998 0.5493603067779976 0.5493603067779972 0.5493603067779975 0.549360306777997 0.5493603067779973


# name: approximateSolutionTrapez
# type: matrix
# rows: 1
# columns: 1000
 0.07692307692307693 1.038461538461539 0.3785822021116139 0.6571618037135278 0.4953846153846153 0.5776703059487732 0.5331001970955186 0.556897873823164 0.5443732945230488 0.5512217194570136 0.5477044454139318 0.5496877875930659 0.5487135308766722 0.5492997447561494 0.5490404352961046 0.5492223236087934 0.54916123930348 0.5492238454172069 0.5492157673981917 0.5492416324920438 0.5492463346322886 0.5492598232903769 0.5492665529642105 0.5492751597978495 0.5492813112295932 0.5492875408669821 0.5492926784038693 0.5492974973423739 0.5493017086198276 0.5493055695568755 0.5493090294451997 0.5493121884509603 0.5493150552290512 0.5493176781682584 0.5493200769236362 0.5493222801932973 0.5493243065796584 0.5493261756283695 0.5493279026197275 0.5493295019093547 0.5493309856124002 0.5493323646944894 0.5493336487156304 0.549334846241099 0.5493359648539935 0.5493370113451563 0.549337991779292 0.5493389116028012 0.5493397757089832 0.5493405885088577 0.5493413539845414 0.5493420757396997 0.5493427570411632 0.5493434008564066 0.549344009885658 0.5493445865903798 0.5493451332181017 0.5493456518243809 0.5493461442921298 0.5493466123487369 0.5493470575812256 0.5493474814497221 0.5493478852994381 0.5493482703713575 0.5493486378117751 0.549348988680837 0.5493493239601945 0.5493496445598759 0.5493499513244671 0.5493502450386778 0.5493505264323646 0.5493507961850673 0.5493510549301169 0.5493513032583528 0.5493515417215014 0.5493517708352383 0.549351991081982 0.5493522029134341 0.5493524067528953 0.5493526029973831 0.5493527920195648 0.5493529741695284 0.5493531497764044 0.5493533191498539 0.549353482581434 0.5493536403458531 0.5493537927021257 0.5493539398946371 0.549354082154123 0.5493542196985735 0.5493543527340712 0.5493544814555591 0.5493546060475607 0.5493547266848363 0.5493548435329993 0.5493549567490842 0.5493550664820731 0.5493551728733878 0.5493552760573455 0.5493553761615813 0.5493554733074439 0.5493555676103643 0.5493556591801984 0.5493557481215456 0.54935583453405 0.5493559185126777 0.5493560001479794 0.5493560795263321 0.5493561567301707 0.5493562318382009 0.5493563049255975 0.5493563760641966 0.5493564453226696 0.5493565127666901 0.5493565784590873 0.5493566424599967 0.5493567048269938 0.5493567656152251 0.5493568248775309 0.549356882664558 0.5493569390248699 0.5493569940050489 0.5493570476497904 0.5493571000019954 0.5493571511028563 0.5493572009919371 0.5493572497072506 0.5493572972853309 0.5493573437613012 0.5493573891689396 0.5493574335407404 0.5493574769079701 0.5493575193007263 0.5493575607479863 0.5493576012776601 0.549357640916634 0.5493576796908156 0.549357717625181 0.5493577547438075 0.5493577910699176 0.5493578266259121 0.549357861433407 0.5493578955132649 0.5493579288856265 0.5493579615699403 0.5493579935849906 0.5493580249489265 0.5493580556792843 0.5493580857930149 0.5493581153065071 0.5493581442356057 0.549358172595639 0.5493582004014351 0.5493582276673423 0.5493582544072469 0.5493582806345924 0.5493583063623957 0.549358331603263 0.5493583563694038 0.5493583806726494 0.5493584045244639 0.549358427935959 0.5493584509179061 0.5493584734807497 0.5493584956346177 0.5493585173893361 0.5493585387544356 0.5493585597391648 0.5493585803524993 0.5493586006031523 0.5493586204995821 0.549358640050002 0.5493586592623887 0.5493586781444902 0.5493586967038349 0.549358714947736 0.5493587328833022 0.5493587505174418 0.5493587678568728 0.549358784908126 0.5493588016775504 0.5493588181713237 0.549358834395455 0.5493588503557891 0.549358866058014 0.5493588815076654 0.5493588967101311 0.5493589116706576 0.5493589263943504 0.5493589408861812 0.5493589551509949 0.5493589691935072 0.5493589830183135 0.5493589966298911 0.5493590100326027 0.5493590232306996 0.549359036228326 0.5493590490295196 0.5493590616382217 0.5493590740582712 0.5493590862934116 0.5493590983472968 0.549359110223489 0.5493591219254631 0.5493591334566122 0.5493591448202424 0.5493591560195848 0.5493591670577893 0.5493591779379342 0.549359188663023 0.5493591992359854 0.5493592096596877 0.5493592199369258 0.5493592300704292 0.5493592400628677 0.5493592499168461 0.5493592596349121 0.5493592692195516 0.549359278673198 0.5493592879982273 0.549359297196961 0.54935930627167 0.5493593152245736 0.5493593240578432 0.5493593327735994 0.5493593413739178 0.5493593498608283 0.5493593582363162 0.5493593665023238 0.5493593746607507 0.5493593827134541 0.5493593906622546 0.5493593985089321 0.5493594062552273 0.5493594139028461 0.5493594214534574 0.5493594289086947 0.549359436270157 0.5493594435394117 0.5493594507179912 0.5493594578073977 0.5493594648091032 0.5493594717245457 0.5493594785551392 0.5493594853022644 0.5493594919672768 0.5493594985515016 0.5493595050562415 0.5493595114827691 0.5493595178323339 0.5493595241061603 0.5493595303054475 0.5493595364313721 0.5493595424850867 0.5493595484677217 0.5493595543803855 0.5493595602241658 0.549359566000128 0.5493595717093165 0.5493595773527584 0.5493595829314581 0.5493595884464024 0.549359593898559 0.5493595992888769 0.5493596046182894 0.5493596098877093 0.5493596150980343 0.5493596202501437 0.5493596253449017 0.5493596303831585 0.5493596353657436 0.5493596402934765 0.5493596451671582 0.5493596499875762 0.5493596547555039 0.5493596594717008 0.5493596641369133 0.5493596687518738 0.5493596733172988 0.5493596778338975 0.549359682302363 0.5493596867233765 0.5493596910976062 0.5493596954257126 0.5493596997083404 0.5493597039461235 0.549359708139688 0.5493597122896456 0.5493597163965991 0.549359720461141 0.5493597244838528 0.5493597284653056 0.5493597324060645 0.5493597363066798 0.5493597401676946 0.5493597439896446 0.5493597477730545 0.549359751518441 0.5493597552263121 0.5493597588971657 0.549359762531494 0.54935976612978 0.5493597696924986 0.5493597732201184 0.5493597767130953 0.5493597801718845 0.5493597835969303 0.5493597869886694 0.5493597903475336 0.5493597936739445 0.5493597969683196 0.5493598002310695 0.5493598034625972 0.5493598066632998 0.5493598098335687 0.5493598129737873 0.5493598160843355 0.5493598191655857 0.549359822217904 0.5493598252416512 0.5493598282371838 0.549359831204851 0.5493598341449984 0.5493598370579639 0.5493598399440822 0.5493598428036819 0.5493598456370883 0.5493598484446176 0.549359851226586 0.5493598539833029 0.5493598567150721 0.5493598594221938 0.5493598621049641 0.5493598647636742 0.5493598673986106 0.5493598700100553 0.5493598725982882 0.5493598751635824 0.5493598777062089 0.5493598802264342 0.5493598827245191 0.549359885200723 0.5493598876553019 0.5493598900885054 0.5493598925005811 0.5493598948917735 0.5493598972623233 0.549359899612467 0.5493599019424368 0.5493599042524649 0.5493599065427771 0.5493599088135976 0.5493599110651464 0.5493599132976427 0.5493599155112985 0.5493599177063262 0.5493599198829342 0.5493599220413294 0.5493599241817122 0.5493599263042828 0.54935992840924 0.5493599304967762 0.5493599325670838 0.5493599346203536 0.5493599366567689 0.5493599386765152 0.549359940679775 0.5493599426667254 0.5493599446375437 0.5493599465924043 0.5493599485314783 0.5493599504549369 0.5493599523629457 0.5493599542556697 0.5493599561332728 0.549359957995914 0.5493599598437541 0.5493599616769479 0.5493599634956494 0.549359965300013 0.5493599670901878 0.5493599688663209 0.5493599706285612 0.5493599723770508 0.549359974111934 0.5493599758333522 0.5493599775414421 0.5493599792363437 0.5493599809181898 0.5493599825871148 0.5493599842432526 0.5493599858867312 0.5493599875176812 0.5493599891362282 0.5493599907424974 0.5493599923366139 0.5493599939186991 0.5493599954888747 0.5493599970472587 0.5493599985939697 0.5493600001291231 0.5493600016528358 0.5493600031652195 0.5493600046663855 0.5493600061564471 0.5493600076355111 0.5493600091036868 0.5493600105610795 0.5493600120077969 0.5493600134439405 0.5493600148696149 0.5493600162849203 0.5493600176899566 0.5493600190848258 0.5493600204696225 0.549360021844445 0.5493600232093878 0.549360024564548 0.5493600259100163 0.5493600272458843 0.5493600285722463 0.5493600298891892 0.5493600311968035 0.549360032495177 0.5493600337843961 0.5493600350645466 0.5493600363357142 0.5493600375979817 0.5493600388514333 0.5493600400961488 0.5493600413322107 0.5493600425597012 0.5493600437786944 0.5493600449892728 0.5493600461915106 0.5493600473854865 0.5493600485712743 0.5493600497489503 0.5493600509185879 0.549360052080259 0.5493600532340378 0.5493600543799924 0.5493600555181972 0.5493600566487195 0.5493600577716299 0.5493600588869942 0.5493600599948817 0.5493600610953578 0.5493600621884904 0.5493600632743431 0.5493600643529817 0.5493600654244679 0.5493600664888666 0.5493600675462396 0.5493600685966493 0.5493600696401549 0.5493600706768176 0.5493600717066981 0.5493600727298553 0.5493600737463457 0.5493600747562306 0.5493600757595627 0.549360076756401 0.5493600777468021 0.54936007873082 0.5493600797085103 0.5493600806799268 0.5493600816451222 0.5493600826041513 0.5493600835570637 0.5493600845039143 0.5493600854447519 0.5493600863796306 0.5493600873085974 0.5493600882317039 0.5493600891489981 0.549360090060529 0.5493600909663461 0.5493600918664947 0.5493600927610244 0.5493600936499801 0.5493600945334079 0.5493600954113557 0.5493600962838662 0.5493600971509861 0.5493600980127586 0.5493600988692284 0.5493600997204381 0.54936010056643 0.5493601014072496 0.5493601022429349 0.5493601030735313 0.5493601038990782 0.549360104719617 0.5493601055351874 0.5493601063458293 0.5493601071515843 0.5493601079524902 0.5493601087485852 0.5493601095399077 0.5493601103264973 0.5493601111083911 0.5493601118856253 0.5493601126582383 0.5493601134262667 0.5493601141897454 0.5493601149487115 0.5493601157031992 0.5493601164532451 0.5493601171988829 0.5493601179401468 0.549360118677073 0.5493601194096926 0.5493601201380413 0.5493601208621514 0.549360121582055 0.5493601222977863 0.5493601230093754 0.5493601237168556 0.5493601244202581 0.549360125119614 0.5493601258149541 0.5493601265063107 0.549360127193712 0.5493601278771891 0.549360128556773 0.5493601292324909 0.5493601299043733 0.5493601305724481 0.5493601312367459 0.5493601318972937 0.5493601325541203 0.5493601332072542 0.5493601338567216 0.5493601345025504 0.5493601351447678 0.549360135783401 0.5493601364184765 0.5493601370500195 0.5493601376780589 0.5493601383026184 0.5493601389237237 0.5493601395414006 0.5493601401556739 0.5493601407665702 0.5493601413741119 0.5493601419783258 0.5493601425792342 0.5493601431768615 0.5493601437712334 0.5493601443623701 0.5493601449502988 0.5493601455350403 0.5493601461166175 0.5493601466950555 0.5493601472703746 0.5493601478425969 0.5493601484117466 0.5493601489778436 0.5493601495409118 0.5493601501009712 0.5493601506580424 0.5493601512121483 0.5493601517633117 0.549360152311548 0.549360152856883 0.5493601533993345 0.5493601539389238 0.549360154475671 0.5493601550095945 0.5493601555407162 0.5493601560690548 0.5493601565946286 0.5493601571174593 0.5493601576375647 0.5493601581549623 0.5493601586696721 0.5493601591817134 0.549360159691104 0.5493601601978624 0.5493601607020043 0.5493601612035519 0.5493601617025204 0.5493601621989284 0.5493601626927919 0.5493601631841299 0.5493601636729594 0.5493601641592959 0.5493601646431576 0.5493601651245613 0.5493601656035242 0.5493601660800606 0.5493601665541892 0.5493601670259251 0.5493601674952838 0.5493601679622819 0.5493601684269361 0.5493601688892615 0.5493601693492725 0.5493601698069853 0.5493601702624162 0.5493601707155789 0.5493601711664889 0.5493601716151615 0.5493601720616094 0.5493601725058505 0.5493601729478975 0.5493601733877661 0.5493601738254689 0.5493601742610205 0.5493601746944357 0.5493601751257269 0.5493601755549099 0.5493601759819983 0.5493601764070044 0.5493601768299426 0.5493601772508263 0.5493601776696684 0.5493601780864813 0.5493601785012807 0.5493601789140761 0.5493601793248831 0.5493601797337131 0.5493601801405796 0.5493601805454944 0.5493601809484698 0.5493601813495186 0.5493601817486545 0.5493601821458869 0.5493601825412298 0.5493601829346948 0.5493601833262934 0.5493601837160376 0.5493601841039377 0.5493601844900089 0.5493601848742585 0.5493601852567016 0.5493601856373462 0.5493601860162058 0.5493601863932919 0.5493601867686118 0.5493601871421813 0.5493601875140102 0.549360187884107 0.5493601882524839 0.5493601886191509 0.5493601889841194 0.5493601893474005 0.5493601897090021 0.5493601900689373 0.5493601904272136 0.5493601907838445 0.5493601911388365 0.5493601914922018 0.5493601918439509 0.5493601921940914 0.5493601925426348 0.5493601928895915 0.5493601932349685 0.5493601935787765 0.5493601939210265 0.5493601942617249 0.5493601946008855 0.5493601949385137 0.5493601952746189 0.5493601956092119 0.5493601959423016 0.5493601962738959 0.5493601966040044 0.5493601969326363 0.5493601972597992 0.5493601975855041 0.5493601979097567 0.549360198232568 0.5493601985539441 0.5493601988738976 0.5493601991924327 0.5493601995095602 0.5493601998252869 0.5493602001396228 0.5493602004525726 0.5493602007641489 0.5493602010743567 0.5493602013832055 0.5493602016907024 0.5493602019968554 0.5493602023016732 0.5493602026051621 0.5493602029073302 0.5493602032081863 0.5493602035077366 0.5493602038059902 0.5493602041029523 0.549360204398633 0.5493602046930377 0.5493602049861734 0.5493602052780497 0.5493602055686717 0.5493602058580477 0.5493602061461831 0.5493602064330873 0.5493602067187657 0.5493602070032266 0.5493602072864761 0.5493602075685219 0.5493602078493697 0.5493602081290251 0.5493602084074973 0.5493602086847929 0.5493602089609161 0.5493602092358767 0.5493602095096773 0.5493602097823292 0.5493602100538348 0.5493602103242019 0.5493602105934373 0.5493602108615477 0.5493602111285366 0.5493602113944165 0.5493602116591836 0.5493602119228533 0.5493602121854293 0.5493602124469137 0.5493602127073173 0.5493602129666424 0.5493602132248981 0.5493602134820874 0.5493602137382186 0.5493602139932972 0.5493602142473263 0.549360214500316 0.5493602147522678 0.5493602150031895 0.5493602152530859 0.5493602155019648 0.5493602157498284 0.5493602159966839 0.5493602162425373 0.5493602164873925 0.549360216731256 0.5493602169741318 0.5493602172160272 0.5493602174569475 0.5493602176968956 0.5493602179358795 0.5493602181739023 0.5493602184109693 0.5493602186470876 0.5493602188822586 0.5493602191164907 0.5493602193497871 0.5493602195821551 0.5493602198135972 0.5493602200441176 0.5493602202737246 0.5493602205024211 0.5493602207302094 0.5493602209570998 0.5493602211830916 0.5493602214081936 0.5493602216324072 0.5493602218557396 0.5493602220781947 0.5493602222997764 0.5493602225204901 0.5493602227403391 0.5493602229593304 0.549360223177465 0.54936022339475 0.5493602236111894 0.5493602238267865 0.5493602240415476 0.5493602242554738 0.5493602244685734 0.5493602246808471 0.5493602248923011 0.5493602251029396 0.5493602253127648 0.5493602255217847 0.5493602257300005 0.5493602259374167 0.5493602261440377 0.5493602263498669 0.5493602265549095 0.5493602267591695 0.5493602269626505 0.5493602271653553 0.549360227367289 0.5493602275684557 0.5493602277688593 0.5493602279685037 0.5493602281673922 0.5493602283655272 0.5493602285629149 0.5493602287595579 0.5493602289554617 0.549360229150628 0.5493602293450605 0.5493602295387641 0.5493602297317399 0.5493602299239961 0.5493602301155318 0.5493602303063537 0.5493602304964615 0.549360230685864 0.5493602308745609 0.5493602310625566 0.5493602312498546 0.5493602314364583 0.5493602316223727 0.5493602318075993 0.5493602319921407 0.5493602321760027 0.549360232359186 0.5493602325416976 0.5493602327235385 0.5493602329047115 0.5493602330852193 0.5493602332650677 0.5493602334442581 0.5493602336227927 0.5493602338006792 0.5493602339779148 0.5493602341545085 0.5493602343304577 0.5493602345057687 0.5493602346804445 0.5493602348544886 0.5493602350279018 0.549360235200689 0.5493602353728528 0.5493602355443967 0.5493602357153231 0.5493602358856354 0.5493602360553355 0.5493602362244265 0.5493602363929122 0.5493602365607951 0.5493602367280798 0.5493602368947648 0.5493602370608571 0.5493602372263576 0.5493602373912696 0.5493602375555944 0.5493602377193378 0.5493602378825001 0.5493602380450857 0.5493602382070963 0.549360238368534 0.549360238529403 0.5493602386897051 0.549360238849443 0.5493602390086174 0.5493602391672365 0.549360239325297 0.5493602394828043 0.5493602396397614 0.5493602397961694 0.5493602399520332 0.5493602401073503 0.5493602402621284 0.5493602404163682 0.5493602405700716 0.5493602407232407 0.5493602408758814 0.5493602410279917 0.5493602411795758 0.5493602413306377 0.5493602414811782 0.5493602416311995 0.5493602417807032 0.5493602419296927 0.5493602420781742 0.5493602422261441 0.5493602423736065 0.5493602425205638 0.5493602426670199 0.5493602428129745 0.5493602429584331 0.5493602431033948 0.5493602432478643 0.5493602433918413 0.5493602435353299 0.5493602436783308 0.5493602438208485 0.5493602439628835 0.5493602441044386 0.5493602442455158 0.5493602443861161 0.5493602445262442 0.5493602446659008 0.5493602448050869 0.5493602449438061 0.5493602450820595 0.5493602452198514 0.5493602453571814 0.5493602454940523 0.5493602456304664 0.5493602457664246 0.5493602459019312 0.5493602460369851 0.5493602461715916 0.5493602463057502 0.5493602464394655 0.5493602465727351 0.5493602467055654 0.5493602468379564 0.5493602469699101 0.5493602471014285 0.5493602472325134 0.5493602473631671 0.5493602474933912 0.5493602476231881 0.5493602477525587 0.5493602478815049 0.5493602480100308 0.5493602481381342 0.5493602482658195 0.5493602483930899 0.5493602485199447 0.5493602486463863 0.5493602487724165 0.549360248898039 0.5493602490232514 0.5493602491480591 0.5493602492724621 0.5493602493964636 0.5493602495200647 0.5493602496432661 0.549360249766069 0.5493602498884785 0.5493602500104927 0.5493602501321151 0.5493602502533486 0.549360250374192 0.5493602504946494 0.5493602506147197 0.5493602507344063 0.549360250853713 0.5493602509726354 0.5493602510911818 0.5493602512093494 0.5493602513271414 0.5493602514445601 0.5493602515616062 0.5493602516782816 0.5493602517945868 0.5493602519105234 0.5493602520260955 0.5493602521413017 0.549360252256145 0.5493602523706268 0.5493602524847475 0.5493602525985106 0.5493602527119157 0.5493602528249649 0.5493602529376609 0.5493602530500039 0.5493602531619957 0.5493602532736371 0.5493602533849304 0.5493602534958769 0.5493602536064773 0.549360253716736 0.5493602538266505 0.5493602539362236 0.5493602540454567 0.5493602541543516 0.5493602542629098 0.5493602543711319 0.5493602544790218 0.5493602545865768 0.5493602546938013 0.5493602548006946 0.5493602549072605 0.5493602550134977 0.5493602551194106 0.5493602552249969 0.5493602553302603 0.5493602554352035 0.5493602555398236 0.5493602556441258 0.549360255748109 0.5493602558517756 0.5493602559551265 0.5493602560581627 0.5493602561608871 0.5493602562632989 0.5493602563654008 0.549360256467193 0.5493602565686765 0.5493602566698531 0.5493602567707252 0.5493602568712939 0.5493602569715584 0.5493602570715205 0.5493602571711826 0.5493602572705452 0.5493602573696099 0.5493602574683758


# name: errorsimpson
# type: matrix
# rows: 1
# columns: 1000
 0.8096140521963524 0.01929841464714888 0.09467270044982001 0.02588374291829698 0.02047378070313977 0.009000025303509629 0.005339287198353304 0.002696499907336447 0.00148038893725333 0.0007787032742858635 0.0004179758045188553 0.0002226895785624183 0.0001185707524120616 6.355857355766492e-005 3.364086579260572e-005 1.816337965732107e-005 9.517678511650196e-006 5.214992679136721e-006 2.671593755332324e-006 1.515062881152218e-006 7.346038835009949e-007 4.528866663910946e-007 1.906941315965582e-007 1.44573554683447e-007 4.082393911808424e-008 5.274740111360643e-008 1.562579288183485e-009 2.377162466871141e-008 7.218774689121688e-009 1.349864864330641e-008 7.993443795761834e-009 9.099849651583725e-009 6.94657420474698e-009 6.754257930730034e-009 5.700981242640069e-009 5.262349112022946e-009 4.626755090164636e-009 4.207145631873743e-009 3.766670197968836e-009 3.41794714753263e-009 3.089435929304329e-009 2.809697807748535e-009 2.555412770277599e-009 2.33218977463423e-009 2.131239185132472e-009 1.952313088970925e-009 1.791322090660685e-009 1.646828118317956e-009 1.516483383312561e-009 1.39885092398373e-009 1.292367768357394e-009 1.1958457557526e-009 1.108157343665539e-009 1.028365836930334e-009 9.556246904907084e-010 8.89204043730274e-010 8.2845375004581e-010 7.728042650256839e-010 7.217493269706665e-010 6.74841516001834e-010 6.316825951202532e-010 5.919196244263958e-010 5.552365234251511e-010 5.213514064905667e-010 4.900116978845404e-010 4.609918002884683e-010 4.340890980003564e-010 4.091199601319317e-010 3.859204067424571e-010 3.643425561250524e-010 3.442518492491331e-010 3.255269387381077e-010 3.080576904679333e-010 2.917448505002085e-010 2.764974915692164e-010 2.622334571711349e-010 2.488773631625918e-010 2.363607087829678e-010 2.246213215428838e-010 2.136015808673619e-010 2.032493062742446e-010 1.935170912403805e-010 1.843599717332722e-010 1.757382017686382e-010 1.676143668305485e-010 1.59955049205962e-010 1.527278303825597e-010 1.459043996732134e-010 1.39457778658425e-010 1.333636534539551e-010 1.275983763093791e-010 1.221412970764391e-010 1.169727648075991e-010 1.120750159344652e-010 1.074308420001557e-010 1.03024477837721e-010 9.884215668165552e-011 9.486955665494179e-011 9.109490939351872e-011 8.75061134664179e-011 8.409195562109062e-011 8.084322100643249e-011 7.774914045910464e-011 7.480227548484208e-011 7.199341123254044e-011 6.931522023023717e-011 6.676081909517961e-011 6.432221422159046e-011 6.199418756125397e-011 5.977107697674455e-011 5.764599908530954e-011 5.561473503945535e-011 5.367239985787364e-011 5.181410855925606e-011 5.003553127380655e-011 4.833244915403156e-011 4.670119846394982e-011 4.513844853448745e-011 4.364042460736073e-011 4.220390703579824e-011 4.082600923993596e-011 3.950417770681725e-011 3.823508176736823e-011 3.701705608705197e-011 3.584621488528228e-011 3.472178100594192e-011 3.364131195837672e-011 3.26023652519325e-011 3.160294248516493e-011 3.064215547965432e-011 2.971700663323418e-011 2.882694083439219e-011 2.796951559247418e-011 2.71442868182703e-011 2.63490340657313e-011 2.558242506722763e-011 2.484379368894452e-011 2.413191868555487e-011 2.344469063331189e-011 2.27821095322156e-011 2.214239902542658e-011 2.1525115023735e-011 2.09294803710236e-011 2.035382973275546e-011 1.979860719814042e-011 1.926181436573415e-011 1.874300714632682e-011 1.824140838380117e-011 1.775724012276214e-011 1.728794885025309e-011 1.683442274469371e-011 1.63961066945717e-011 1.597133536535011e-011 1.556110795775112e-011 1.516287095881808e-011 1.477828970308792e-011 1.440492169990648e-011 1.404387717229838e-011 1.369382385263407e-011 1.335542787472832e-011 1.302569163641465e-011 1.270783478446447e-011 1.239863767210636e-011 1.209854438855018e-011 1.180844311221563e-011 1.152600237475099e-011 1.12528875106932e-011 1.098698909629547e-011 1.072975042148983e-011 1.047884001792454e-011 1.023670037625379e-011 1.000055593891602e-011 9.77051772821369e-012 9.547918011776346e-012 9.331424521974441e-012 9.121370325715361e-012 8.917644400696645e-012 8.718803456986279e-012 8.525291583794115e-012 8.337219803422613e-012 8.155032205081625e-012 7.976730387326825e-012 7.804201729300075e-012 7.636447030279214e-012 7.472023000332229e-012 7.313039063205906e-012 7.157163750548534e-012 7.006728530711825e-012 6.858957846134217e-012 6.715850098260034e-012 6.576406086367115e-012 6.440181721245608e-012 6.308287225920139e-012 6.179279310458696e-012 6.053268997163741e-012 5.930367308337736e-012 5.811018333190532e-012 5.69488900481474e-012 5.581091144790662e-012 5.470290886933071e-012 5.362821298149356e-012 5.256906021600116e-012 5.154432436427214e-012 5.053846230396175e-012 4.955702515019311e-012 4.861000491018785e-012 4.76718664543796e-012 4.675926312813772e-012 4.587219493146222e-012 4.500400052620535e-012 4.416023102749023e-012 4.333866598926761e-012 4.25215418431435e-012 4.173106304961038e-012 4.096500916261903e-012 4.021227795192317e-012 3.947175919449819e-012 3.875566534361496e-012 3.804956349995336e-012 3.736011500166114e-012 3.668954029478755e-012 3.603561893328333e-012 3.539835091714849e-012 3.476663401613678e-012 3.415379090654369e-012 3.355427047324611e-012 3.296474204717015e-012 3.238853629738969e-012 3.182565322390474e-012 3.128164394183841e-012 3.074318577489521e-012 3.021471961517364e-012 2.970068635477219e-012 2.919220420949387e-012 2.869704474051105e-012 2.821964883992223e-012 2.774336316235804e-012 2.727706949201547e-012 2.683187005914078e-012 2.638556040324147e-012 2.594480186246528e-012 2.552069666705847e-012 2.510214258677479e-012 2.469136006766348e-012 2.42950104478723e-012 2.390310172017962e-012 2.352007477668394e-012 2.313815805621289e-012 2.277289468111121e-012 2.240763130600953e-012 2.205569060720336e-012 2.170597035444644e-012 2.136180121681264e-012 2.103206497849897e-012 2.070454918623454e-012 2.038369473211787e-012 2.006395050102583e-012 1.975419827715541e-012 1.944888694538349e-012 1.915578806688245e-012 1.886046874233216e-012 1.857736187105274e-012 1.829980611489646e-012 1.802447080478942e-012 1.77458048256085e-012 1.748601263784622e-012 1.722844089613318e-012 1.696753848534627e-012 1.671773830480561e-012 1.64657176782157e-012 1.622368905884741e-012 1.599498311577463e-012 1.576183628060335e-012 1.553424056055519e-012 1.530775506353166e-012 1.508571045860663e-012 1.486477607670622e-012 1.465161325597819e-012 1.444511177339791e-012 1.423416939871913e-012 1.40343292542866e-012 1.383337888682945e-012 1.364464097264317e-012 1.345368261240765e-012 1.326494469822137e-012 1.307842723008434e-012 1.290412221521819e-012 1.272093541615504e-012 1.254440995523964e-012 1.237454583247199e-012 1.22069021557536e-012 1.20348175869367e-012 1.187494547139067e-012 1.172284491701703e-012 1.155631146332325e-012 1.140421090894961e-012 1.124988990852671e-012 1.109889957717769e-012 1.095235013792717e-012 1.081135181379977e-012 1.066036148245075e-012 1.052158360437261e-012 1.038391594931909e-012 1.025735052451182e-012 1.011191130828593e-012 9.983125437429408e-013 9.854339566572889e-013 9.731104810839497e-013 9.600098493933729e-013 9.473533069126461e-013 9.356959651540819e-013 9.239276010930553e-013 9.123812816369536e-013 9.005018952734645e-013 8.886225089099753e-013 8.780753901760363e-013 8.663070261150096e-013 8.565370634983083e-013 8.452127886471317e-013 8.349987368205802e-013 8.245626403891038e-013 8.141265439576273e-013 8.045786259458509e-013 7.949196856316121e-013 7.842615445952106e-013 7.760458942129844e-013 7.651657085716579e-013 7.570610804918942e-013 7.469580509678053e-013 7.382983113757291e-013 7.294165271787278e-013 7.200906537718765e-013 7.123190925995004e-013 7.034373084024992e-013 6.94999613415348e-013 6.866729407306593e-013 6.787903572558207e-013 6.70463684571132e-013 6.625811010962934e-013 6.548095399239173e-013 6.468159341466162e-013 6.403766406037903e-013 6.326050794314142e-013 6.249445405615006e-013 6.181721801112872e-013 6.119549311733863e-013 6.035172361862351e-013 5.966338534335591e-013 5.900835375882707e-013 5.837552663479073e-013 5.764277943853813e-013 5.699885008425554e-013 5.642153411145046e-013 5.578870698741412e-013 5.514477763313153e-013 5.46007683510652e-013 5.38680211548126e-013 5.335731856348502e-013 5.269118474870993e-013 5.21249710061511e-013 5.155875726359227e-013 5.097033906054094e-013 5.03819208574896e-013 4.993783164763954e-013 4.931610675384945e-013 4.876099524153688e-013 4.823919041996305e-013 4.776179451937423e-013 4.723998969780041e-013 4.672928710647284e-013 4.617417559416026e-013 4.571898415406395e-013 4.517497487199762e-013 4.474198789239381e-013 4.428679645229749e-013 4.380940055170868e-013 4.329869796038111e-013 4.294342659250105e-013 4.242162177092723e-013 4.205524817280093e-013 4.155564781171961e-013 4.113376306236205e-013 4.068967385251199e-013 4.028999356364693e-013 3.976818874207311e-013 3.947953075567057e-013 3.902433931557425e-013 3.863576125695545e-013 3.829159211932165e-013 3.786970736996409e-013 3.745892485085278e-013 3.712585794346523e-013 3.667066650336892e-013 3.629319067499637e-013 3.601563491884008e-013 3.558264793923627e-013 3.530509218307998e-013 3.489430966396867e-013 3.458344721707363e-013 3.419486915845482e-013 3.380629109983602e-013 3.353983757392598e-013 3.310685059432217e-013 3.288480598939714e-013 3.254063685176334e-013 3.224087663511455e-013 3.1907809727727e-013 3.15636405900932e-013 3.123057368270565e-013 3.104183576851938e-013 3.071987109137808e-013 3.040900864448304e-013 3.015365734881925e-013 2.983169267167796e-013 2.94320123828129e-013 2.919886554764162e-013 2.887690087050032e-013 2.871036741680655e-013 2.841060720015776e-013 2.814415367424772e-013 2.792210906932269e-013 2.762234885267389e-013 2.733369086627135e-013 2.714495295208508e-013 2.678968158420503e-013 2.662314813051125e-013 2.634559237435496e-013 2.609024107869118e-013 2.594591208548991e-013 2.564615186884112e-013 2.540190280342358e-013 2.51687559682523e-013 2.495781359357352e-013 2.470246229790973e-013 2.441380431150719e-013 2.415845301584341e-013 2.408073740411965e-013 2.381428387820961e-013 2.358113704303832e-013 2.334799020786704e-013 2.315925229368077e-013 2.30149233004795e-013 2.275957200481571e-013 2.260414078136819e-013 2.222666495299563e-013 2.207123372954811e-013 2.187139358511558e-013 2.176037128265307e-013 2.153832667772804e-013 2.131628207280301e-013 2.113864638886298e-013 2.091660178393795e-013 2.079447725122918e-013 2.063904602778166e-013 2.037259250187162e-013 2.025046796916286e-013 2.010613897596158e-013 1.990629883152906e-013 1.970645868709653e-013 1.955102746364901e-013 1.936228954946273e-013 1.920685832601521e-013 1.899591595133643e-013 1.886268918838141e-013 1.874056465567264e-013 1.854072451124011e-013 1.837419105754634e-013 1.822986206434507e-013 1.81077375316363e-013 1.796340853843503e-013 1.777467062424876e-013 1.757483047981623e-013 1.748601263784622e-013 1.73749903353837e-013 1.719735465144367e-013 1.696420781627239e-013 1.687538997430238e-013 1.677546990208612e-013 1.667554982986985e-013 1.650901637617608e-013 1.643130076445232e-013 1.622035838977354e-013 1.610933608731102e-013 1.592059817312474e-013 1.576516694967722e-013 1.572075802869222e-013 1.556532680524469e-013 1.542099781204342e-013 1.536548666081217e-013 1.516564651637964e-013 1.509903313490213e-013 1.495470414170086e-013 1.484368183923834e-013 1.464384169480581e-013 1.454392162258955e-013 1.446620601086579e-013 1.435518370840327e-013 1.426636586643326e-013 1.411093464298574e-013 1.394440118929197e-013 1.387778780781446e-013 1.377786773559819e-013 1.372235658436693e-013 1.362243651215067e-013 1.340039190722564e-013 1.333377852574813e-013 1.324496068377812e-013 1.317834730230061e-013 1.303401830909934e-013 1.297850715786808e-013 1.287858708565182e-013 1.268984917146554e-013 1.262323578998803e-013 1.251221348752551e-013 1.243449787580175e-013 1.234568003383174e-013 1.224575996161548e-013 1.211253319866046e-013 1.20348175869367e-013 1.200151089619794e-013 1.192379528447418e-013 1.186828413324292e-013 1.172395514004165e-013 1.164623952831789e-013 1.149080830487037e-013 1.142419492339286e-013 1.127986593019159e-013 1.123545700920658e-013 1.120215031846783e-013 1.103561686477406e-013 1.103561686477406e-013 1.092459456231154e-013 1.079136779935652e-013 1.075806110861777e-013 1.069144772714026e-013 1.060262988517024e-013 1.054711873393899e-013 1.043609643147647e-013 1.042499420123022e-013 1.035838081975271e-013 1.014743844507393e-013 1.012523398458143e-013 1.002531391236516e-013 9.958700530887654e-014 9.958700530887654e-014 9.869882688917642e-014 9.769962616701378e-014 9.747758156208874e-014 9.725553695716371e-014 9.581224702515101e-014 9.50350909079134e-014 9.447997939560082e-014 9.392486788328824e-014 9.259260025373806e-014 9.259260025373806e-014 9.181544413650045e-014 9.114931032172535e-014 9.081624341433781e-014 8.959499808725013e-014 8.959499808725013e-014 8.848477506262498e-014 8.715250743307479e-014 8.748557434046234e-014 8.670841822322473e-014 8.693046282814976e-014 8.593126210598712e-014 8.515410598874951e-014 8.43769498715119e-014 8.426592756904938e-014 8.282263763703668e-014 8.293365993949919e-014 8.137934770502397e-014 8.126832540256146e-014 8.01581023779363e-014 8.004708007547379e-014 7.982503547054876e-014 7.926992395823618e-014 7.80486786311485e-014 7.827072323607354e-014 7.716050021144838e-014 7.605027718682322e-014 7.704947790898586e-014 7.538414337204813e-014 7.560618797697316e-014 7.494005416219807e-014 7.371880883511039e-014 7.427392034742297e-014 7.338574192772285e-014 7.238654120556021e-014 7.238654120556021e-014 7.205347429817266e-014 7.194245199571014e-014 7.027711745877241e-014 7.005507285384738e-014 6.983302824892235e-014 6.938893903907228e-014 7.005507285384738e-014 6.883382752675971e-014 6.772360450213455e-014 6.761258219967203e-014 6.694644838489694e-014 6.7390537594747e-014 6.605826996519681e-014 6.628031457012185e-014 6.561418075534675e-014 6.539213615042172e-014 6.417089082333405e-014 6.428191312579656e-014 6.317169010117141e-014 6.361577931102147e-014 6.361577931102147e-014 6.195044477408373e-014 6.23945339839338e-014 6.161737786669619e-014 6.150635556423367e-014 6.106226635438361e-014 6.106226635438361e-014 5.972999872483342e-014 5.939693181744587e-014 5.961897642237091e-014 5.873079800267078e-014 5.839773109528323e-014 5.728750807065808e-014 5.684341886080801e-014 5.806466418789569e-014 5.717648576819556e-014 5.562217353372034e-014 5.628830734849544e-014 5.573319583618286e-014 5.595524044110789e-014 5.52891066263328e-014 5.506706202140776e-014 5.517808432387028e-014 5.417888360170764e-014 5.417888360170764e-014 5.295763827461997e-014 5.3179682879545e-014 5.306866057708248e-014 5.3179682879545e-014 5.218048215738236e-014 5.206945985491984e-014 5.140332604014475e-014 5.118128143521972e-014 5.095923683029469e-014 5.018208071305708e-014 5.062616992290714e-014 5.051514762044462e-014 4.907185768843192e-014 4.984901380566953e-014 4.884981308350689e-014 4.918287999089443e-014 4.89608353859694e-014 4.873879078104437e-014 4.785061236134425e-014 4.785061236134425e-014 4.707345624410664e-014 4.651834473179406e-014 4.718447854656915e-014 4.618527782440651e-014 4.629630012686903e-014 4.651834473179406e-014 4.640732242933154e-014 4.518607710224387e-014 4.518607710224387e-014 4.507505479978136e-014 4.496403249731884e-014 4.440892098500626e-014 4.429789868254375e-014 4.474198789239381e-014 4.329869796038111e-014 4.285460875053104e-014 4.318767565791859e-014 4.229949723821846e-014 4.274358644806853e-014 4.25215418431435e-014 4.207745263329343e-014 4.152234112098085e-014 4.141131881851834e-014 4.196643033083092e-014 4.152234112098085e-014 4.074518500374325e-014 4.052314039881821e-014 4.019007349143067e-014 4.085620730620576e-014 4.019007349143067e-014 4.007905118896815e-014 3.985700658404312e-014 3.952393967665557e-014 3.863576125695545e-014 3.985700658404312e-014 3.83026943495679e-014 3.83026943495679e-014 3.719247132494274e-014 3.852473895449293e-014 3.68594044175552e-014 3.752553823233029e-014 3.730349362740526e-014 3.663735981263017e-014 3.663735981263017e-014 3.652633751016765e-014 3.663735981263017e-014 3.608224830031759e-014 3.663735981263017e-014 3.61932706027801e-014 3.608224830031759e-014 3.563815909046752e-014 3.541611448554249e-014 3.47499806707674e-014 3.497202527569243e-014 3.463895836830488e-014 3.408384685599231e-014 3.519406988061746e-014 3.441691376337985e-014 3.397282455352979e-014 3.419486915845482e-014 3.397282455352979e-014 3.308464613382966e-014 3.341771304121721e-014 3.230749001659206e-014 3.186340080674199e-014 3.33066907387547e-014 3.26405569239796e-014 3.308464613382966e-014 3.186340080674199e-014 3.230749001659206e-014 3.153033389935445e-014 3.175237850427948e-014 3.11972669919669e-014 3.141931159689193e-014 3.019806626980426e-014 3.030908857226677e-014 3.064215547965432e-014 3.008704396734174e-014 3.097522238704187e-014 2.875477633779155e-014 3.030908857226677e-014 2.986499936241671e-014 3.05311331771918e-014 3.019806626980426e-014 2.930988785010413e-014 2.842170943040401e-014 2.886579864025407e-014 2.831068712794149e-014 2.853273173286652e-014 2.842170943040401e-014 2.886579864025407e-014 2.831068712794149e-014 2.875477633779155e-014 2.808864252301646e-014 2.675637489346627e-014 2.742250870824137e-014 2.686739719592879e-014 2.753353101070388e-014 2.731148640577885e-014 2.742250870824137e-014 2.731148640577885e-014 2.686739719592879e-014 2.708944180085382e-014 2.642330798607873e-014 2.564615186884112e-014 2.486899575160351e-014 2.586819647376615e-014 2.564615186884112e-014 2.586819647376615e-014 2.520206265899105e-014 2.575717417130363e-014 2.575717417130363e-014 2.597921877622866e-014 2.564615186884112e-014 2.486899575160351e-014 2.486899575160351e-014 2.486899575160351e-014 2.498001805406602e-014 2.442490654175344e-014 2.453592884421596e-014 2.464695114667848e-014 2.420286193682841e-014 2.398081733190338e-014 2.431388423929093e-014 2.364775042451583e-014 2.453592884421596e-014 2.375877272697835e-014 2.309263891220326e-014 2.386979502944087e-014 2.264854970235319e-014 2.331468351712829e-014 2.231548279496565e-014 2.253752739989068e-014 2.375877272697835e-014 2.187139358511558e-014 2.275957200481571e-014 2.209343819004062e-014 2.220446049250313e-014 2.275957200481571e-014 2.253752739989068e-014 2.109423746787797e-014 2.153832667772804e-014 2.253752739989068e-014 2.065014825802791e-014 2.176037128265307e-014 2.098321516541546e-014 2.120525977034049e-014 2.05391259555654e-014 1.998401444325282e-014 2.098321516541546e-014 2.076117056049043e-014 2.042810365310288e-014 2.05391259555654e-014 2.087219286295294e-014 2.042810365310288e-014 1.942890293094024e-014 2.087219286295294e-014 1.931788062847772e-014 1.965094753586527e-014 2.065014825802791e-014 1.920685832601521e-014 1.942890293094024e-014 1.909583602355269e-014 1.854072451124011e-014 1.998401444325282e-014 1.931788062847772e-014 1.909583602355269e-014 1.865174681370263e-014 1.820765760385257e-014 1.909583602355269e-014 1.876276911616515e-014 1.865174681370263e-014 1.898481372109018e-014 1.887379141862766e-014 1.931788062847772e-014 1.898481372109018e-014 1.798561299892754e-014 1.865174681370263e-014 1.854072451124011e-014 1.77635683940025e-014 1.720845688168993e-014 1.754152378907747e-014 1.809663530139005e-014 1.743050148661496e-014 1.809663530139005e-014 1.765254609153999e-014 1.665334536937735e-014 1.63202784619898e-014 1.77635683940025e-014 1.676436767183986e-014 1.765254609153999e-014 1.63202784619898e-014 1.731947918415244e-014 1.598721155460225e-014 1.676436767183986e-014 1.620925615952729e-014 1.709743457922741e-014 1.643130076445232e-014 1.765254609153999e-014 1.687538997430238e-014 1.720845688168993e-014 1.576516694967722e-014 1.565414464721471e-014 1.609823385706477e-014 1.576516694967722e-014 1.532107773982716e-014 1.69864122767649e-014 1.620925615952729e-014 1.532107773982716e-014 1.63202784619898e-014 1.532107773982716e-014 1.554312234475219e-014 1.565414464721471e-014 1.565414464721471e-014 1.543210004228968e-014 1.48769885299771e-014 1.521005543736464e-014 1.620925615952729e-014 1.454392162258955e-014 1.432187701766452e-014 1.454392162258955e-014 1.509903313490213e-014 1.432187701766452e-014 1.620925615952729e-014 1.376676550535194e-014 1.498801083243961e-014 1.498801083243961e-014 1.343369859796439e-014 1.554312234475219e-014 1.376676550535194e-014 1.409983241273949e-014 1.443289932012704e-014 1.465494392505207e-014 1.432187701766452e-014 1.48769885299771e-014 1.376676550535194e-014 1.387778780781446e-014 1.498801083243961e-014 1.343369859796439e-014 1.376676550535194e-014 1.432187701766452e-014 1.343369859796439e-014 1.343369859796439e-014 1.4210854715202e-014 1.243449787580175e-014 1.387778780781446e-014 1.199040866595169e-014 1.254552017826427e-014 1.376676550535194e-014 1.243449787580175e-014 1.265654248072678e-014 1.298960938811433e-014 1.310063169057685e-014 1.332267629550188e-014 1.243449787580175e-014 1.243449787580175e-014 1.232347557333924e-014 1.265654248072678e-014 1.187938636348917e-014 1.13242748511766e-014 1.332267629550188e-014 1.13242748511766e-014 1.27675647831893e-014 1.221245327087672e-014 1.232347557333924e-014 1.210143096841421e-014 1.210143096841421e-014 1.187938636348917e-014 1.143529715363911e-014 1.243449787580175e-014 1.187938636348917e-014 1.176836406102666e-014 1.110223024625157e-014 1.143529715363911e-014 1.121325254871408e-014 1.176836406102666e-014 1.154631945610163e-014 1.099120794378905e-014 1.298960938811433e-014 1.043609643147647e-014 1.176836406102666e-014 1.254552017826427e-014 1.154631945610163e-014 1.110223024625157e-014 1.165734175856414e-014 1.13242748511766e-014 1.043609643147647e-014 1.143529715363911e-014 1.243449787580175e-014 1.165734175856414e-014 1.121325254871408e-014 1.088018564132653e-014 1.099120794378905e-014 1.121325254871408e-014 1.010302952408892e-014 1.13242748511766e-014 9.214851104388799e-015 1.076916333886402e-014 9.880984919163893e-015 1.088018564132653e-014 1.13242748511766e-014 1.076916333886402e-014 1.054711873393899e-014 1.121325254871408e-014 1.06581410364015e-014 1.043609643147647e-014 1.032507412901396e-014 9.214851104388799e-015 1.054711873393899e-014 1.032507412901396e-014 1.043609643147647e-014 1.010302952408892e-014 1.13242748511766e-014 9.992007221626409e-015 9.992007221626409e-015 1.06581410364015e-014 9.547918011776346e-015 1.06581410364015e-014 9.769962616701378e-015 9.436895709313831e-015 9.658940314238862e-015 8.881784197001252e-015 9.658940314238862e-015 8.881784197001252e-015 9.880984919163893e-015 9.992007221626409e-015 1.076916333886402e-014 9.436895709313831e-015 9.658940314238862e-015 9.547918011776346e-015 8.881784197001252e-015 1.021405182655144e-014 9.769962616701378e-015 9.103828801926284e-015 9.658940314238862e-015 9.325873406851315e-015 9.769962616701378e-015 9.103828801926284e-015 9.992007221626409e-015 8.43769498715119e-015 8.770761894538737e-015 9.214851104388799e-015 8.881784197001252e-015 9.436895709313831e-015 9.103828801926284e-015


# name: errortrapez
# type: matrix
# rows: 1
# columns: 1000
 0.4724372298549295 0.4891012316835321 0.1707781046663925 0.1078014969355214 0.05397569139339109 0.02830999917076682 0.01626010968248781 0.007537567045157623 0.004987012254957568 0.001861412679007191 0.001655861364074585 0.000327480815059511 0.0006467759013342178 6.056202185700243e-005 0.0003198714819018234 0.0001379831692129851 0.0001990674745263599 0.000136461360799478 0.0001445393798147343 0.0001186742859625722 0.0001139721457178444 0.0001004834876294769 9.375381379594927e-005 8.5146980156936e-005 7.899554841317435e-005 7.276591102434171e-005 6.762837413709644e-005 6.280943563252706e-005 5.859815817876868e-005 5.473722113091828e-005 5.127733280674285e-005 4.811832704609831e-005 4.525154895518302e-005 4.262860974801885e-005 4.022985437024396e-005 3.802658470908327e-005 3.600019834804069e-005 3.413114963690678e-005 3.240415827887588e-005 3.080486865170151e-005 2.932116560616649e-005 2.794208351697414e-005 2.665806237600599e-005 2.54605369074401e-005 2.434192401290503e-005 2.329543285006785e-005 2.231499871441223e-005 2.139517520516332e-005 2.053106902322188e-005 1.971826914870523e-005 1.895279346497691e-005 1.823103830667083e-005 1.754973684320316e-005 1.690592159975246e-005 1.62968923483886e-005 1.57201876266333e-005 1.517355990465763e-005 1.465495362551472e-005 1.416248587660096e-005 1.369442926946185e-005 1.324919678080683e-005 1.282532828428273e-005 1.24214785682808e-005 1.20364066489298e-005 1.166896623128189e-005 1.131809716936605e-005 1.09828178118665e-005 1.066221813050827e-005 1.035545353933465e-005 1.006173932860399e-005 9.780345641807742e-006 9.510592939077078e-006 9.251847889468756e-006 9.003519653605352e-006 8.765056505044555e-006 8.535942768062021e-006 8.315696024441266e-006 8.103864572284181e-006 7.900025111085007e-006 7.703780623313783e-006 7.514758441629077e-006 7.332608477961244e-006 7.157001602031698e-006 6.987628152543834e-006 6.824196572385866e-006 6.666432153301649e-006 6.514075880703629e-006 6.366883369302023e-006 6.224623883444025e-006 6.087079432948173e-006 5.954043935219033e-006 5.825322447305936e-006 5.700730445701296e-006 5.580093170087785e-006 5.46324500705353e-006 5.350028922213035e-006 5.240295933295336e-006 5.133904618648266e-006 5.030720660936794e-006 4.93061642514725e-006 4.833470562459752e-006 4.739167642098252e-006 4.647597808049575e-006 4.558656460762478e-006 4.472243956388233e-006 4.38826532866976e-006 4.306630027040015e-006 4.227251674260302e-006 4.150047835715931e-006 4.074939805476241e-006 4.001852408896944e-006 3.930713809774389e-006 3.861455336817698e-006 3.794011316338164e-006 3.728318919149487e-006 3.664318009688472e-006 3.601951012566218e-006 3.541162781339757e-006 3.481900475499344e-006 3.424113448446953e-006 3.367753136473972e-006 3.312772957508869e-006 3.259128215971074e-006 3.206776010955537e-006 3.155675150079418e-006 3.10578606932399e-006 3.057070755763114e-006 3.009492675509762e-006 2.96301670521526e-006 2.917609066788174e-006 2.873237265998974e-006 2.829870036302751e-006 2.787477280108419e-006 2.746030020150947e-006 2.705500346311673e-006 2.665861372430633e-006 2.627087190787414e-006 2.589152825360763e-006 2.552034198854969e-006 2.515708088846047e-006 2.480152094253008e-006 2.445344599366628e-006 2.411264741541963e-006 2.377892379890056e-006 2.345208066079074e-006 2.313193015801573e-006 2.281829079908704e-006 2.251098722094724e-006 2.220984991474495e-006 2.191471499268793e-006 2.162542400707679e-006 2.134182367385939e-006 2.106376571275881e-006 2.079110664077177e-006 2.052370759453304e-006 2.026143414046722e-006 2.000415610714512e-006 1.975174743429342e-006 1.95040860262452e-006 1.926105356986341e-006 1.902253542462873e-006 1.878842047386975e-006 1.85586010026384e-006 1.833297256670363e-006 1.811143388708025e-006 1.789388670347947e-006 1.76802357076955e-006 1.747038841592996e-006 1.726425507109219e-006 1.706174854065878e-006 1.686278424339882e-006 1.666728004390272e-006 1.647515617708706e-006 1.628633516159717e-006 1.610074171543019e-006 1.591830270375461e-006 1.573894704232082e-006 1.556260564639089e-006 1.538921133636961e-006 1.521869880449778e-006 1.505100456045128e-006 1.488606682698013e-006 1.472382551437335e-006 1.456422217271935e-006 1.440719992418238e-006 1.425270340971174e-006 1.410067875351473e-006 1.395107348756142e-006 1.380383656046646e-006 1.365891825200194e-006 1.351627011536571e-006 1.337584499161437e-006 1.323759692861692e-006 1.310148115329923e-006 1.29674540372271e-006 1.283547306774047e-006 1.270549680354449e-006 1.257748486804822e-006 1.245139784722404e-006 1.232719735178023e-006 1.220484594832705e-006 1.208430709609409e-006 1.196554517357562e-006 1.18485254330114e-006 1.173321394154492e-006 1.161957764006516e-006 1.1507584215531e-006 1.139720217091522e-006 1.128840072195381e-006 1.118114983378327e-006 1.107542020983843e-006 1.097118318749146e-006 1.08684108057755e-006 1.076707577207792e-006 1.06671513866452e-006 1.056861160253497e-006 1.047143094345948e-006 1.037558454819454e-006 1.028104808398211e-006 1.018779779093926e-006 1.009581045430252e-006 1.000506336445994e-006 9.915534328053255e-007 9.827201632450766e-007 9.74004407017226e-007 9.654040885598292e-007 9.569171780521302e-007 9.485416901933164e-007 9.402756826482062e-007 9.321172557141821e-007 9.24064552321191e-007 9.161157518144947e-007 9.082690742845401e-007 9.005227791236692e-007 8.928751602521601e-007 8.853245490048067e-007 8.778693116884284e-007 8.705078493598251e-007 8.632385947171528e-007 8.560600152085485e-007 8.489706087022597e-007 8.419689031535782e-007 8.350534607126647e-007 8.282228671774305e-007 8.214757419855445e-007 8.148107295546936e-007 8.082265048336978e-007 8.017217648648156e-007 7.952952373324607e-007 7.889456724585742e-007 7.826718461112492e-007 7.764725589165522e-007 7.703466342601217e-007 7.642929197304582e-007 7.583102846764334e-007 7.52397620873424e-007 7.465538406359329e-007 7.40777878371901e-007 7.350686899165737e-007 7.294252479805863e-007 7.238465482561907e-007 7.183316039771626e-007 7.128794473620914e-007 7.074891295033581e-007 7.021597170364657e-007 6.968902971360436e-007 6.916799720757538e-007 6.865278626699833e-007 6.814331047211297e-007 6.763948479093784e-007 6.714122627871077e-007 6.664845298987032e-007 6.616108482182526e-007 6.567904301535421e-007 6.520225025452575e-007 6.473063055567607e-007 6.426410931181792e-007 6.38026132593339e-007 6.334607075553222e-007 6.289441089046832e-007 6.244756434181653e-007 6.200546298629206e-007 6.156804002177552e-007 6.113522937889471e-007 6.070696659810082e-007 6.028318828565915e-007 5.986383183609334e-007 5.944883607611473e-007 5.903814073171532e-007 5.863168653919004e-007 5.822941535615911e-007 5.783127008385236e-007 5.743719418971338e-007 5.70471326621913e-007 5.666103117807353e-007 5.627883618020135e-007 5.59004951883324e-007 5.552595654378933e-007 5.515516943166432e-007 5.478808406955693e-007 5.442465124128049e-007 5.406482264103118e-007 5.370855078457026e-007 5.335578879828162e-007 5.30064911075101e-007 5.266061219311169e-007 5.231810761285871e-007 5.197893370167961e-007 5.164304728300095e-007 5.131040619055227e-007 5.098096867994784e-007 5.06546936951402e-007 5.033154092393133e-007 5.001147066474587e-007 4.969444377111998e-007 4.938042190705261e-007 4.906936709181409e-007 4.876124206631971e-007 4.845601023761859e-007 4.815363552346241e-007 4.785408226348764e-007 4.755731554118015e-007 4.726330079529717e-007 4.69720042528543e-007 4.66833924184229e-007 4.639743245160588e-007 4.61140918117664e-007 4.583333887975272e-007 4.555514203641309e-007 4.527947035093405e-007 4.500629342540918e-007 4.473558126161237e-007 4.446730422769107e-007 4.420143322469983e-007 4.39379395755779e-007 4.367679511396716e-007 4.341797181783846e-007 4.316144239790987e-007 4.290717975363734e-007 4.265515721746382e-007 4.240534873245494e-007 4.215772834159637e-007 4.191227045424739e-007 4.166895010149219e-007 4.14277425253573e-007 4.118862328983397e-007 4.095156831418478e-007 4.071655393955709e-007 4.048355696228967e-007 4.025255414541462e-007 4.002352292920008e-007 3.979644087603873e-007 3.957128600351467e-007 3.934803637362094e-007 3.91266707922e-007 3.890716802068539e-007 3.868950722019093e-007 3.847366769615945e-007 3.825962942016758e-007 3.804737236379196e-007 3.783687664293822e-007 3.762812301744134e-007 3.742109225823853e-007 3.7215765280596e-007 3.701212375473162e-007 3.681014911771641e-007 3.66098231396883e-007 3.641112810148783e-007 3.62140462728533e-007 3.601856021218097e-007 3.582465281093405e-007 3.56323069494735e-007 3.544150607437402e-007 3.5252233665517e-007 3.506447335821505e-007 3.487820924297225e-007 3.469342523265695e-007 3.45101058507602e-007 3.432823569848864e-007 3.414779934374224e-007 3.396878186512353e-007 3.379116855217745e-007 3.361494451681324e-007 3.34400955592784e-007 3.32666072355714e-007 3.309446542365535e-007 3.292365643448036e-007 3.27541662681341e-007 3.258598165745141e-007 3.241908915763148e-007 3.225347537938461e-007 3.208912752183934e-007 3.192603251767068e-007 3.176417782135843e-007 3.160355089848466e-007 3.14441392479381e-007 3.128593073498109e-007 3.112891316936484e-007 3.097307477162303e-007 3.081840367347155e-007 3.066488832859093e-007 3.051251705743496e-007 3.036127869116001e-007 3.021116209422914e-007 3.006215593126527e-007 2.991424953302513e-007 2.976743196381193e-007 2.962169268760917e-007 2.947702094635574e-007 2.933340659261319e-007 2.919083914587617e-007 2.904930861413746e-007 2.890880498318538e-007 2.876931806117256e-007 2.863083838899882e-007 2.849335614119042e-007 2.835686185864716e-007 2.822134583801983e-007 2.80867990087863e-007 2.795321221160663e-007 2.78205760095851e-007 2.768888172077766e-007 2.755812028576443e-007 2.742828294488575e-007 2.72993610272998e-007 2.717134598428927e-007 2.704422922272798e-007 2.691800247145437e-007 2.679265731497793e-007 2.666818575969288e-007 2.654457956774436e-007 2.642183052348201e-007 2.629993119951379e-007 2.617887335798486e-007 2.60586495826054e-007 2.593925199079194e-007 2.582067321066361e-007 2.570290561498823e-007 2.558594185408936e-007 2.546977474482404e-007 2.535439685980023e-007 2.523980140445303e-007 2.512598091808371e-007 2.50129286949452e-007 2.490063765181461e-007 2.478910121617162e-007 2.467831247132679e-007 2.456826485586205e-007 2.445895159741696e-007 2.435036633441356e-007 2.424250247212711e-007 2.413535384881982e-007 2.402891398078921e-007 2.392317668409305e-007 2.38181357081757e-007 2.371378514665068e-007 2.361011888218911e-007 2.350713083076883e-007 2.34048151082078e-007 2.330316607457306e-007 2.320217757922904e-007 2.310184437082086e-007 2.3002160542962e-007 2.290312043351506e-007 2.280471863569389e-007 2.27069496094856e-007 2.260980795920631e-007 2.251328842239886e-007 2.241738551456152e-007 2.232209427299736e-007 2.222740921320465e-007 2.213332545020208e-007 2.203983757720351e-007 2.194694089796556e-007 2.185463024995116e-007 2.17629008258946e-007 2.16717477408146e-007 2.158116603201421e-007 2.149115116978351e-007 2.14016982025278e-007 2.131280263384383e-007 2.122445984520382e-007 2.1136665073751e-007 2.104941402292226e-007 2.09627020297809e-007 2.087652477555935e-007 2.079087779716104e-007 2.070575683132958e-007 2.0621157637013e-007 2.053707568450136e-007 2.045350715462746e-007 2.037044750657913e-007 2.028789282126908e-007 2.020583893536099e-007 2.012428189646087e-007 2.004321770776585e-007 1.996264220593957e-007 1.988255161622376e-007 1.980294211945122e-007 1.972380987425026e-007 1.964515090602248e-007 1.956696152882742e-007 1.94892381122358e-007 1.941197681487594e-007 1.933517397301188e-007 1.92588261005433e-007 1.918292948932532e-007 1.910748071987101e-007 1.903247612844439e-007 1.895791235106969e-007 1.888378595715778e-007 1.881009333848382e-007 1.873683137532112e-007 1.866399651495598e-007 1.859158550443496e-007 1.851959513521351e-007 1.844802201000917e-007 1.837686309791309e-007 1.830611507935842e-007 1.823577483461847e-007 1.816583924396653e-007 1.809630523208483e-007 1.802716956822437e-007 1.795842944352088e-007 1.789008172714546e-007 1.782212334378031e-007 1.775455155117456e-007 1.768736330731713e-007 1.762055582554822e-007 1.755412605275453e-007 1.748807126888963e-007 1.742238860957812e-007 1.735707522154684e-007 1.729212848466943e-007 1.722754560118389e-007 1.716332386214603e-007 1.709946053640721e-007 1.703595299273886e-007 1.697279868873025e-007 1.690999474890376e-007 1.68475387973821e-007 1.67854282695501e-007 1.67236605785881e-007 1.666223324869875e-007 1.660114361534681e-007 1.654038944698399e-007 1.647996805687058e-007 1.641987722456051e-007 1.636011448535868e-007 1.630067729685436e-007 1.624156362733942e-007 1.618277075676744e-007 1.612429660902137e-007 1.606613888593955e-007 1.600829508952017e-007 1.595076317695288e-007 1.589354094999607e-007 1.583662597726132e-007 1.578001628255166e-007 1.572370945668311e-007 1.56677035234587e-007 1.561199639565913e-007 1.555658580842945e-007 1.550146947471021e-007 1.544664584018918e-007 1.539211234025117e-007 1.533786718743713e-007 1.528390826122106e-007 1.523023354099706e-007 1.517684119489715e-007 1.512372902467973e-007 1.507089516517013e-007 1.501833778450035e-007 1.496605470663326e-007 1.491404416631426e-007 1.486230440939096e-007 1.481083342635969e-007 1.475962929653463e-007 1.470869024355892e-007 1.465801440225789e-007 1.460760020721708e-007 1.455744544909265e-007 1.450754859577685e-007 1.445790780429945e-007 1.440852145373483e-007 1.435938764560163e-007 1.431050470346307e-007 1.426187105080245e-007 1.421348487795626e-007 1.416534450848772e-007 1.411744822155114e-007 1.406979458495883e-007 1.402238172243386e-007 1.397520813517517e-007 1.392827225776827e-007 1.38815724470831e-007 1.383510702668289e-007 1.378887448666433e-007 1.374287339483971e-007 1.369710210807895e-007 1.365155901655868e-007 1.360624275470457e-007 1.356115174599992e-007 1.351628449164366e-007 1.347163970377707e-007 1.342721559494109e-007 1.338301088837923e-007 1.333902402977927e-007 1.329525375348695e-007 1.325169859400788e-007 1.320835707474544e-007 1.316522795224984e-007 1.312230965000438e-007 1.307960081353698e-007 1.303710019939786e-007 1.299480637539929e-007 1.295271800927367e-007 1.291083380206004e-007 1.286915251030862e-007 1.282767256860495e-007 1.278639303325946e-007 1.274531232775544e-007 1.270442933076765e-007 1.266374267672177e-007 1.262325119988361e-007 1.25829536568034e-007 1.254284878182688e-007 1.250293518717527e-007 1.246321195136346e-007 1.242367766440822e-007 1.238433116057536e-007 1.234517129633517e-007 1.230619688374901e-007 1.226740686810501e-007 1.222879975060209e-007 1.219037478739082e-007 1.215213047967012e-007 1.211406601697718e-007 1.207618005594213e-007 1.203847145303527e-007 1.200093946440717e-007 1.196358251354113e-007 1.192639962344089e-007 1.188938993923472e-007 1.185255225077952e-007 1.181588554777235e-007 1.177938869778572e-007 1.17430605905966e-007 1.170690042684441e-007 1.167090690756822e-007 1.163507927781637e-007 1.1599416194219e-007 1.15639169906423e-007 1.152858045694316e-007 1.149340554951195e-007 1.145839150229477e-007 1.142353716065969e-007 1.138884149209929e-007 1.135430378607083e-007 1.131992298786244e-007 1.12856979872511e-007 1.125162815140968e-007 1.12177120925594e-007 1.118394926669097e-007 1.11503387523193e-007 1.111687945032358e-007 1.108357048362762e-007 1.105041105287086e-007 1.101740020326147e-007 1.098453701331437e-007 1.095182071697565e-007 1.091925022622675e-007 1.088682497485394e-007 1.085454384153195e-007 1.082240622674036e-007 1.079041087592714e-007 1.075855736720754e-007 1.072684462366524e-007 1.069527194585973e-007 1.066383835679474e-007 1.063254337907438e-007 1.060138574704439e-007 1.057036497220665e-007 1.053948008866712e-007 1.05087303969853e-007 1.047811509780061e-007 1.044763332513909e-007 1.041728443507139e-007 1.03870676171347e-007 1.035698200535506e-007 1.032702697800758e-007 1.029720162470937e-007 1.026750541255339e-007 1.023793734233891e-007 1.020849687005665e-007 1.01791832962661e-007 1.014999566617547e-007 1.012093346908216e-007 1.00919958723189e-007 1.006318233187642e-007 1.003449191516737e-007 1.000592406708023e-007 9.977477977152205e-008 9.949153034760627e-008 9.920948451647149e-008 9.892863672700258e-008 9.864898131706212e-008 9.837050907179901e-008 9.809321355191969e-008 9.781709031653207e-008 9.754212970669585e-008 9.726832905787575e-008 9.699567715681923e-008 9.672417156103563e-008 9.645380449896379e-008 9.618456908722095e-008 9.591645866446896e-008 9.564946978901645e-008 9.538358991534324e-008 9.51188228182076e-008 9.485515306550951e-008 9.459257710453528e-008 9.433109271483886e-008 9.407068912725691e-008 9.381136401032109e-008 9.355310826020258e-008 9.329591899032152e-008 9.303978776298294e-008 9.27847092491163e-008 9.253068011805254e-008 9.227769037778444e-008 9.202573858502205e-008 9.177481685718192e-008 9.152492053132733e-008 9.12760416138525e-008 9.102817799533369e-008 9.078132245932125e-008 9.053546912163313e-008 9.029061387444415e-008 9.004675038948307e-008 8.980387455892469e-008 8.956197916631936e-008 8.932105888259656e-008 8.908111082117642e-008 8.884212687743087e-008 8.860410405375774e-008 8.836703713210881e-008 8.813091878501211e-008 8.789574779122233e-008 8.766151571304448e-008 8.742821933083178e-008 8.719585131711227e-008 8.69644092293953e-008 8.673388884883337e-008 8.650428184875381e-008 8.627558534257673e-008 8.60477969988338e-008 8.582090660347319e-008 8.559491482262871e-008 8.536981277451616e-008 8.514559923789022e-008 8.492226677425663e-008 8.469981171987939e-008 8.447822996693333e-008 8.425751629737022e-008 8.403766726949868e-008 8.381867599993598e-008 8.360054137845907e-008 8.338325641066291e-008 8.31668169887223e-008 8.295121989299048e-008 8.27364587951962e-008 8.252253258511644e-008 8.230943304710081e-008 8.20971592929709e-008 8.188570532752237e-008 8.167506682088543e-008 8.146524155261403e-008 8.1256221751147e-008 8.104800586217209e-008 8.084058966684182e-008 8.063396872426409e-008 8.042813948172522e-008 8.022309694322161e-008 8.001883688990574e-008 7.981535588008626e-008 7.961265113820559e-008 7.941071744621553e-008 7.920955069629088e-008 7.900914711367335e-008 7.880950270156006e-008 7.861061424030424e-008 7.841247917639294e-008 7.82150915146218e-008 7.801844847943329e-008 7.782254474175687e-008 7.762737841421341e-008 7.743294594408923e-008 7.723924233538071e-008 7.704626647786483e-008 7.685401026691352e-008 7.666247459070519e-008 7.647165267687939e-008 7.628154485850303e-008 7.609214236481421e-008 7.590344552887984e-008 7.571544979878553e-008 7.552815184386219e-008 7.534154811139615e-008 7.51556337164061e-008 7.497040710457981e-008 7.478586572240431e-008 7.460200368569758e-008 7.441882043934811e-008 7.423630876690623e-008 7.405446789121584e-008 7.387329492569705e-008 7.369278709479232e-008 7.351293873636422e-008 7.333374829610051e-008 7.315521366457745e-008 7.297732718125616e-008 7.280009162169421e-008 7.262349788206279e-008 7.244754873791948e-008 7.227223774997071e-008 7.209756192061434e-008 7.192351780815898e-008 7.175010463544851e-008 7.157731740647932e-008 7.140515356773847e-008 7.123360967753456e-008 7.106268329337695e-008 7.089237097357426e-008 7.072267094176965e-008 7.055357986729405e-008 7.038509419743377e-008 7.021721126765357e-008 7.004992663706133e-008 6.98832416379247e-008 6.971714927583861e-008 6.955164877364695e-008 6.938673680068064e-008 6.922241202467205e-008 6.905866856143916e-008 6.889550629995966e-008 6.873292068831915e-008 6.85709100611831e-008 6.840947242015005e-008 6.824860343535022e-008 6.808830133042676e-008 6.792856344084441e-008 6.776938898944707e-008 6.761076987160664e-008 6.74527094179922e-008 6.729520207748863e-008 6.713824496351606e-008 6.698183696585147e-008 6.682597319951356e-008 6.667065610699296e-008 6.651587802775083e-008 6.636163818463103e-008 6.620793480127674e-008 6.605476565724189e-008 6.590212497936676e-008 6.57500146550305e-008 6.559843057640791e-008 6.54473687466961e-008 6.529682816669435e-008 6.514680694902353e-008 6.499730320630448e-008 6.484831371889044e-008 6.469983215851016e-008 6.455186229992194e-008 6.440439992427827e-008 6.42574425890885e-008 6.411098651959435e-008 6.396503193784042e-008 6.38195732927116e-008 6.367461158340859e-008 6.353014214699471e-008 6.338616509449224e-008 6.324267654012061e-008 6.30996755957014e-008 6.29571579313648e-008 6.281512288097701e-008 6.267356778000277e-008 6.253249063004063e-008 6.239189032086756e-008 6.225176218954687e-008 6.211210556994473e-008 6.197291946286043e-008 6.183420031558029e-008 6.169594690685898e-008 6.1558155017849e-008 6.142082498161727e-008 6.128395413362853e-008 6.114754003139211e-008 6.101158178672961e-008 6.087607518079352e-008 6.074102132380688e-008 6.060641477567685e-008 6.047225620253727e-008 6.033854094145141e-008 6.020527132388764e-008 6.007244102157472e-008 5.994005003451264e-008 5.980809625327765e-008 5.967657790151293e-008 5.954549298081702e-008 5.941483927074387e-008 5.928461521698125e-008 5.915481826601621e-008 5.902544775171492e-008 5.889650145363134e-008 5.876797559700719e-008 5.863987218024391e-008 5.851218687347171e-008 5.83849164570438e-008 5.825806170811632e-008 5.813162007317629e-008 5.80055898868892e-008 5.787996737449674e-008 5.775475497848959e-008 5.762994725877491e-008 5.7505544326375e-008 5.73815428506208e-008 5.725794172128928e-008 5.713474027224663e-008 5.701193739326982e-008 5.688952786631063e-008 5.676751368977051e-008 5.664589131093578e-008 5.652465784322658e-008 5.640381439686593e-008 5.628335697505094e-008 5.616328668800463e-008 5.604360009403564e-008 5.592429341838567e-008 5.580537099092453e-008 5.568682459600183e-008 5.556865700917513e-008 5.545086501079766e-008 5.533344626940107e-008 5.521640022987384e-008 5.509972478279224e-008 5.498341959508934e-008 5.486748300143063e-008 5.47519108939909e-008 5.463670471606008e-008 5.452186135901371e-008 5.440737960160646e-008 5.429325888872683e-008 5.417949577868342e-008 5.406609071556545e-008 5.395304147892688e-008 5.384034551525474e-008 5.372800249148213e-008 5.361601074227451e-008 5.350436926843116e-008 5.339307596052834e-008 5.32821294862984e-008 5.317152906858524e-008 5.306127037751907e-008 5.295135585559052e-008 5.284178283826435e-008 5.273254966020602e-008 5.262365476710329e-008 5.251509660464393e-008 5.240687450669412e-008 5.229898458747329e-008 5.219142962253898e-008 5.20842050599768e-008 5.197731178796516e-008 5.187074592072349e-008 5.176450867949711e-008 5.165859584543853e-008 5.155300952797148e-008 5.144774606336e-008 5.134280289809112e-008 5.123818280772241e-008 5.113388057420565e-008 5.102989741878616e-008 5.0926230787951e-008 5.082287990454404e-008 5.071984365834226e-008 5.061711927378809e-008 5.051470752803766e-008 5.04126056455334e-008 5.031081340423071e-008 5.020932991595117e-008 5.010815329331564e-008 5.000728120485576e-008 4.990671254034851e-008 4.98064479659277e-008 4.970648592728111e-008 4.960682375987346e-008 4.950746124166017e-008 4.940839648526207e-008 4.930963060090221e-008


# name: exactSolution
# type: scalar
0.5493603067780064


# name: f
# type: function handle
@<anonymous>
@(x) exp (x) + 1


# name: frunge
# type: function handle
@<anonymous>
@(x) 1 ./ (1 + 25 * x .^ 2)


# name: n
# type: scalar
1000


# name: pSimpson
# type: matrix
# rows: 1
# columns: 3
 0 0.5 1


# name: pTrapez
# type: matrix
# rows: 1
# columns: 2
 0 1


# name: wSimpson
# type: matrix
# rows: 1
# columns: 3
 0.1666666666666667 0.6666666666666666 0.1666666666666667


# name: wTrapez
# type: matrix
# rows: 1
# columns: 2
 0.5 0.5


