# Created by Octave 4.2.2, Sun May 27 14:51:48 2018 GMT <unknown@unknown>
# name: ans
# type: scalar
1


# name: approximateSolutionSimpson
# type: matrix
# rows: 1
# columns: 1000
 2.718861151876593 2.718318841921747 2.718289169920832 2.718284154699897 2.718282781924823 2.71828228843802 2.718282076798673 2.718281974051892 2.718281919360811 2.718281888103856 2.718281869199358 2.718281857225555 2.718281849344889 2.718281843987342 2.718281840242684 2.718281837561772 2.71828183560173 2.718281834141971 2.718281833036791 2.718281832187678 2.718281831526622 2.718281831005785 2.718281830590942 2.718281830257231 2.718281829986334 2.718281829764583 2.718281829581656 2.718281829429674 2.718281829302564 2.718281829195595 2.718281829105059 2.718281829028015 2.718281828962121 2.718281828905497 2.71828182885662 2.718281828814252 2.718281828777381 2.718281828745172 2.718281828716936 2.718281828692098 2.718281828670179 2.718281828650777 2.718281828633557 2.718281828618224 2.718281828604538 2.718281828592294 2.718281828581311 2.718281828571436 2.718281828562538 2.718281828554504 2.718281828547235 2.718281828540645 2.718281828534657 2.718281828529211 2.718281828524244 2.718281828519711 2.718281828515564 2.718281828511766 2.718281828508283 2.718281828505081 2.718281828502136 2.718281828499422 2.718281828496919 2.718281828494606 2.718281828492469 2.718281828490488 2.718281828488652 2.718281828486949 2.718281828485366 2.718281828483895 2.718281828482523 2.718281828481246 2.718281828480054 2.718281828478942 2.718281828477902 2.718281828476927 2.718281828476016 2.718281828475163 2.718281828474363 2.718281828473612 2.718281828472904 2.718281828472241 2.718281828471616 2.718281828471028 2.718281828470475 2.718281828469951 2.718281828469459 2.718281828468994 2.718281828468554 2.718281828468139 2.718281828467745 2.718281828467373 2.71828182846702 2.718281828466687 2.71828182846637 2.71828182846607 2.718281828465785 2.718281828465513 2.718281828465256 2.718281828465011 2.718281828464778 2.718281828464557 2.718281828464345 2.718281828464146 2.718281828463953 2.718281828463771 2.718281828463597 2.718281828463431 2.718281828463272 2.71828182846312 2.718281828462975 2.718281828462837 2.718281828462703 2.718281828462578 2.718281828462457 2.718281828462341 2.71828182846223 2.71828182846212 2.71828182846202 2.718281828461924 2.718281828461828 2.718281828461739 2.718281828461652 2.71828182846157 2.718281828461489 2.718281828461412 2.718281828461338 2.718281828461269 2.718281828461199 2.718281828461134 2.71828182846107 2.718281828461011 2.718281828460952 2.718281828460896 2.718281828460841 2.718281828460788 2.71828182846074 2.71828182846069 2.718281828460642 2.718281828460598 2.718281828460553 2.718281828460513 2.718281828460472 2.718281828460432 2.718281828460395 2.71828182846036 2.718281828460324 2.718281828460288 2.718281828460256 2.718281828460225 2.718281828460193 2.718281828460162 2.718281828460134 2.718281828460108 2.718281828460079 2.718281828460053 2.718281828460026 2.718281828460002 2.718281828459977 2.718281828459955 2.718281828459934 2.718281828459911 2.718281828459889 2.718281828459871 2.718281828459853 2.718281828459832 2.718281828459813 2.718281828459795 2.718281828459777 2.718281828459759 2.718281828459744 2.718281828459728 2.718281828459712 2.718281828459696 2.718281828459681 2.718281828459666 2.718281828459655 2.71828182845964 2.718281828459627 2.718281828459612 2.7182818284596 2.718281828459589 2.718281828459578 2.718281828459565 2.718281828459554 2.718281828459543 2.718281828459533 2.718281828459523 2.718281828459513 2.718281828459501 2.718281828459495 2.718281828459483 2.718281828459475 2.718281828459468 2.718281828459457 2.718281828459451 2.718281828459441 2.718281828459433 2.718281828459425 2.718281828459418 2.71828182845941 2.718281828459405 2.718281828459397 2.71828182845939 2.718281828459383 2.718281828459376 2.718281828459372 2.718281828459365 2.718281828459359 2.718281828459353 2.718281828459349 2.718281828459339 2.718281828459336 2.718281828459331 2.718281828459324 2.718281828459318 2.718281828459313 2.718281828459309 2.718281828459304 2.718281828459301 2.718281828459296 2.718281828459292 2.718281828459285 2.718281828459282 2.718281828459278 2.718281828459274 2.71828182845927 2.718281828459265 2.718281828459263 2.718281828459259 2.718281828459255 2.71828182845925 2.718281828459247 2.718281828459244 2.718281828459239 2.718281828459236 2.718281828459233 2.718281828459229 2.718281828459228 2.718281828459226 2.718281828459222 2.71828182845922 2.718281828459217 2.718281828459214 2.718281828459209 2.718281828459209 2.718281828459206 2.718281828459201 2.718281828459199 2.718281828459198 2.718281828459194 2.718281828459193 2.718281828459189 2.718281828459189 2.718281828459185 2.718281828459182 2.718281828459182 2.71828182845918 2.718281828459176 2.718281828459176 2.718281828459174 2.718281828459172 2.718281828459169 2.718281828459169 2.718281828459167 2.718281828459165 2.718281828459162 2.718281828459162 2.71828182845916 2.718281828459159 2.718281828459154 2.718281828459155 2.718281828459151 2.718281828459147 2.718281828459149 2.718281828459149 2.718281828459146 2.718281828459145 2.718281828459144 2.718281828459141 2.718281828459138 2.71828182845914 2.718281828459139 2.718281828459138 2.718281828459136 2.718281828459135 2.718281828459134 2.718281828459132 2.71828182845913 2.718281828459131 2.718281828459125 2.718281828459128 2.718281828459128 2.718281828459126 2.718281828459125 2.718281828459121 2.718281828459123 2.71828182845912 2.718281828459121 2.71828182845912 2.718281828459118 2.718281828459117 2.718281828459116 2.718281828459114 2.718281828459114 2.718281828459114 2.718281828459112 2.718281828459111 2.71828182845911 2.718281828459111 2.718281828459109 2.718281828459109 2.718281828459107 2.718281828459107 2.718281828459107 2.718281828459107 2.718281828459105 2.718281828459104 2.718281828459103 2.718281828459104 2.718281828459103 2.718281828459099 2.7182818284591 2.7182818284591 2.718281828459098 2.718281828459097 2.718281828459096 2.718281828459095 2.718281828459097 2.718281828459096 2.718281828459096 2.718281828459094 2.718281828459092 2.718281828459093 2.71828182845909 2.718281828459093 2.71828182845909 2.718281828459091 2.718281828459088 2.71828182845909 2.718281828459089 2.718281828459089 2.718281828459089 2.718281828459088 2.718281828459088 2.718281828459086 2.718281828459086 2.718281828459087 2.718281828459086 2.718281828459086 2.718281828459084 2.718281828459086 2.718281828459082 2.718281828459084 2.718281828459083 2.718281828459081 2.718281828459084 2.718281828459082 2.718281828459083 2.718281828459082 2.718281828459082 2.718281828459079 2.71828182845908 2.71828182845908 2.718281828459078 2.718281828459079 2.718281828459078 2.718281828459078 2.718281828459078 2.718281828459077 2.718281828459078 2.718281828459076 2.718281828459077 2.718281828459075 2.718281828459074 2.718281828459074 2.718281828459076 2.718281828459075 2.718281828459073 2.718281828459074 2.718281828459074 2.718281828459074 2.718281828459072 2.718281828459075 2.718281828459072 2.71828182845907 2.718281828459072 2.718281828459071 2.718281828459072 2.718281828459068 2.71828182845907 2.71828182845907 2.718281828459071 2.718281828459071 2.71828182845907 2.71828182845907 2.718281828459069 2.718281828459071 2.718281828459069 2.71828182845907 2.71828182845907 2.718281828459068 2.718281828459069 2.718281828459066 2.718281828459068 2.718281828459069 2.718281828459066 2.718281828459068 2.718281828459067 2.718281828459063 2.718281828459068 2.718281828459066 2.718281828459067 2.718281828459064 2.718281828459064 2.718281828459065 2.718281828459067 2.718281828459067 2.718281828459066 2.718281828459066 2.718281828459062 2.718281828459064 2.718281828459065 2.718281828459064 2.718281828459065 2.718281828459062 2.718281828459062 2.71828182845906 2.718281828459064 2.718281828459062 2.718281828459064 2.718281828459062 2.718281828459063 2.718281828459061 2.718281828459062 2.718281828459062 2.718281828459064 2.718281828459061 2.718281828459062 2.71828182845906 2.718281828459058 2.718281828459063 2.718281828459062 2.71828182845906 2.718281828459062 2.718281828459057 2.718281828459063 2.718281828459061 2.718281828459061 2.718281828459059 2.718281828459058 2.71828182845906 2.718281828459062 2.71828182845906 2.71828182845906 2.718281828459058 2.718281828459058 2.718281828459059 2.718281828459059 2.718281828459061 2.718281828459058 2.718281828459058 2.718281828459057 2.71828182845906 2.71828182845906 2.718281828459059 2.718281828459058 2.718281828459058 2.718281828459058 2.718281828459056 2.718281828459058 2.718281828459056 2.718281828459059 2.718281828459058 2.718281828459058 2.718281828459054 2.718281828459057 2.718281828459058 2.718281828459056 2.718281828459057 2.718281828459056 2.718281828459056 2.718281828459057 2.718281828459058 2.718281828459057 2.718281828459057 2.718281828459059 2.718281828459058 2.718281828459054 2.718281828459058 2.718281828459055 2.718281828459054 2.718281828459057 2.718281828459055 2.718281828459053 2.718281828459054 2.718281828459056 2.718281828459054 2.718281828459055 2.718281828459054 2.718281828459054 2.718281828459054 2.718281828459054 2.718281828459058 2.718281828459054 2.718281828459056 2.718281828459054 2.718281828459056 2.718281828459051 2.718281828459052 2.718281828459052 2.718281828459055 2.718281828459055 2.718281828459053 2.718281828459054 2.718281828459052 2.718281828459058 2.718281828459052 2.718281828459052 2.718281828459054 2.718281828459053 2.718281828459053 2.718281828459052 2.718281828459052 2.718281828459054 2.718281828459055 2.718281828459052 2.718281828459055 2.718281828459054 2.718281828459051 2.718281828459052 2.71828182845905 2.718281828459053 2.718281828459051 2.718281828459054 2.718281828459054 2.718281828459055 2.718281828459051 2.718281828459052 2.71828182845905 2.718281828459054 2.718281828459055 2.718281828459051 2.718281828459053 2.718281828459052 2.718281828459054 2.718281828459054 2.718281828459049 2.718281828459051 2.718281828459052 2.718281828459053 2.718281828459051 2.718281828459052 2.718281828459052 2.718281828459052 2.71828182845905 2.71828182845905 2.71828182845905 2.718281828459052 2.71828182845905 2.718281828459052 2.71828182845905 2.718281828459051 2.718281828459054 2.718281828459054 2.71828182845905 2.71828182845905 2.718281828459051 2.718281828459047 2.718281828459054 2.71828182845905 2.718281828459049 2.71828182845905 2.718281828459052 2.71828182845905 2.718281828459054 2.718281828459049 2.71828182845905 2.71828182845905 2.718281828459051 2.71828182845905 2.718281828459046 2.718281828459053 2.718281828459051 2.718281828459052 2.718281828459051 2.71828182845905 2.718281828459052 2.718281828459048 2.718281828459053 2.71828182845905 2.718281828459047 2.718281828459048 2.718281828459049 2.718281828459049 2.71828182845905 2.71828182845905 2.71828182845905 2.718281828459047 2.718281828459051 2.718281828459053 2.718281828459047 2.718281828459054 2.71828182845905 2.718281828459046 2.718281828459047 2.718281828459049 2.71828182845905 2.718281828459053 2.71828182845905 2.71828182845905 2.718281828459049 2.718281828459048 2.718281828459049 2.718281828459048 2.718281828459047 2.718281828459048 2.718281828459049 2.718281828459048 2.718281828459049 2.718281828459054 2.718281828459051 2.718281828459051 2.718281828459049 2.718281828459051 2.718281828459049 2.71828182845905 2.718281828459052 2.718281828459051 2.718281828459048 2.71828182845905 2.718281828459049 2.718281828459048 2.718281828459051 2.71828182845905 2.718281828459048 2.71828182845905 2.718281828459047 2.718281828459052 2.718281828459049 2.718281828459046 2.718281828459048 2.718281828459052 2.718281828459048 2.718281828459048 2.718281828459048 2.718281828459046 2.718281828459046 2.718281828459051 2.718281828459047 2.718281828459046 2.718281828459048 2.718281828459051 2.71828182845905 2.718281828459051 2.718281828459049 2.718281828459051 2.718281828459047 2.718281828459052 2.718281828459047 2.718281828459048 2.718281828459051 2.71828182845905 2.718281828459047 2.718281828459046 2.718281828459049 2.71828182845905 2.718281828459049 2.718281828459046 2.71828182845905 2.718281828459046 2.718281828459047 2.718281828459049 2.71828182845905 2.718281828459045 2.718281828459048 2.71828182845905 2.718281828459044 2.71828182845905 2.718281828459046 2.718281828459047 2.718281828459046 2.718281828459045 2.718281828459049 2.718281828459047 2.718281828459048 2.718281828459048 2.718281828459045 2.718281828459048 2.718281828459047 2.718281828459046 2.718281828459048 2.718281828459046 2.718281828459049 2.718281828459052 2.718281828459046 2.718281828459048 2.718281828459048 2.718281828459048 2.718281828459047 2.718281828459049 2.71828182845905 2.718281828459047 2.718281828459048 2.71828182845905 2.718281828459047 2.718281828459046 2.718281828459049 2.718281828459047 2.718281828459047 2.718281828459045 2.718281828459048 2.718281828459047 2.718281828459048 2.718281828459047 2.718281828459042 2.718281828459048 2.718281828459048 2.718281828459047 2.718281828459046 2.718281828459047 2.718281828459047 2.718281828459048 2.718281828459047 2.718281828459047 2.718281828459047 2.718281828459048 2.718281828459047 2.71828182845905 2.718281828459047 2.718281828459049 2.71828182845905 2.718281828459048 2.718281828459048 2.718281828459045 2.718281828459048 2.718281828459049 2.718281828459049 2.718281828459052 2.718281828459046 2.71828182845905 2.718281828459046 2.71828182845905 2.718281828459046 2.718281828459047 2.718281828459049 2.718281828459048 2.718281828459047 2.718281828459048 2.718281828459047 2.718281828459046 2.718281828459047 2.718281828459045 2.718281828459047 2.718281828459045 2.718281828459048 2.718281828459045 2.718281828459045 2.718281828459046 2.718281828459044 2.718281828459048 2.718281828459042 2.718281828459047 2.718281828459048 2.718281828459049 2.718281828459045 2.71828182845905 2.718281828459049 2.71828182845905 2.718281828459045 2.718281828459049 2.718281828459047 2.718281828459049 2.718281828459045 2.718281828459047 2.718281828459046 2.718281828459046 2.718281828459045 2.718281828459048 2.718281828459047 2.718281828459047 2.718281828459047 2.718281828459049 2.718281828459047 2.718281828459047 2.718281828459046 2.718281828459044 2.718281828459046 2.718281828459041 2.718281828459046 2.718281828459047 2.718281828459049 2.718281828459047 2.718281828459047 2.718281828459048 2.718281828459046 2.718281828459051 2.718281828459047 2.718281828459047 2.718281828459051 2.718281828459045 2.718281828459048 2.718281828459047 2.718281828459046 2.718281828459049 2.718281828459045 2.718281828459045 2.718281828459044 2.718281828459046 2.718281828459046 2.718281828459049 2.718281828459047 2.718281828459046 2.718281828459047 2.718281828459044 2.718281828459043 2.718281828459047 2.718281828459049 2.718281828459046 2.718281828459048 2.718281828459046 2.718281828459047 2.718281828459047 2.718281828459049 2.71828182845905 2.718281828459045 2.718281828459044 2.718281828459045 2.718281828459044 2.718281828459049 2.718281828459044 2.718281828459046 2.718281828459045 2.718281828459046 2.718281828459047 2.718281828459047 2.718281828459046 2.718281828459048 2.71828182845905 2.718281828459043 2.718281828459046 2.718281828459046 2.71828182845905 2.718281828459045 2.718281828459042 2.718281828459044 2.718281828459047 2.71828182845905 2.718281828459041 2.718281828459046 2.718281828459048 2.718281828459047 2.718281828459046 2.71828182845905 2.718281828459046 2.718281828459046 2.718281828459047 2.718281828459047 2.718281828459049 2.71828182845905 2.718281828459042 2.718281828459048 2.718281828459047 2.718281828459046 2.718281828459046 2.718281828459044 2.718281828459049 2.718281828459045 2.718281828459044 2.718281828459046 2.718281828459047 2.718281828459046 2.718281828459042 2.718281828459043 2.71828182845905 2.718281828459047 2.718281828459048 2.718281828459047 2.718281828459046 2.718281828459046 2.718281828459045 2.718281828459047 2.718281828459043 2.718281828459046 2.718281828459045 2.718281828459042 2.718281828459045 2.718281828459046 2.718281828459043 2.718281828459045 2.718281828459043 2.718281828459046 2.718281828459048 2.718281828459043 2.718281828459042 2.718281828459049 2.718281828459045 2.718281828459043 2.718281828459045 2.718281828459048 2.718281828459049 2.718281828459049 2.718281828459045 2.718281828459046 2.718281828459043 2.718281828459046 2.718281828459049 2.718281828459046 2.718281828459049 2.718281828459048 2.718281828459043 2.718281828459048 2.718281828459045 2.718281828459049 2.718281828459049 2.718281828459049 2.718281828459049 2.718281828459048 2.718281828459048 2.718281828459047 2.718281828459049 2.718281828459046 2.718281828459042 2.718281828459046 2.718281828459045 2.718281828459046 2.718281828459048 2.718281828459047 2.718281828459046 2.718281828459045 2.718281828459046 2.718281828459046 2.718281828459044 2.718281828459049 2.718281828459043 2.718281828459046 2.718281828459045 2.718281828459051 2.718281828459046 2.718281828459046 2.718281828459048 2.718281828459043 2.718281828459048 2.718281828459049 2.718281828459048 2.718281828459047 2.718281828459049 2.718281828459043 2.718281828459044 2.718281828459046 2.71828182845905 2.718281828459046 2.718281828459046 2.718281828459047 2.71828182845905 2.718281828459051 2.718281828459046 2.71828182845905 2.718281828459045 2.71828182845904 2.718281828459049 2.718281828459042 2.718281828459045 2.718281828459044 2.718281828459046 2.718281828459046 2.718281828459047 2.718281828459045 2.718281828459046 2.718281828459045 2.718281828459046 2.718281828459051 2.718281828459046 2.718281828459048 2.718281828459047 2.718281828459047 2.718281828459044 2.718281828459046 2.718281828459043 2.718281828459047 2.71828182845905 2.718281828459048 2.71828182845905 2.718281828459047 2.718281828459047 2.718281828459046 2.718281828459045 2.718281828459046 2.718281828459044 2.718281828459042 2.718281828459045 2.718281828459047 2.718281828459046 2.718281828459046 2.718281828459044 2.718281828459048 2.718281828459042 2.718281828459043 2.718281828459047 2.718281828459045


# name: approximateSolutionTrapez
# type: matrix
# rows: 1
# columns: 1000
 2.859140914229522 2.753931092464826 2.734162460123429 2.727221904557517 2.724005619782788 2.722257492471481 2.721203082987449 2.720518592164302 2.72004924448417 2.719713491389315 2.7194650551788 2.719276089446386 2.719129023920844 2.719012328345867 2.718918182000449 2.718841128579994 2.718777267542981 2.71872375064165 2.718678458769286 2.718639788925222 2.718606510411638 2.718577665694219 2.7185525007487 2.718530415280763 2.718510926593626 2.718493642988878 2.718478243930667 2.718464465076973 2.718452086859468 2.718440925682125 2.718430827074113 2.718421660316327 2.718413314189951 2.718405693587043 2.71839871678904 2.718392313266891 2.718386421891593 2.718380989469915 2.718375969539493 2.718371321372064 2.718367009144768 2.718363001247876 2.718359269703874 2.718355789677893 2.718352539063424 2.718349498130381 2.718346649225016 2.718343976513113 2.718341465759511 2.718339104138157 2.718336880067983 2.718334783070656 2.718332803646937 2.718330933168909 2.718329163785805 2.718327488341499 2.718325900302025 2.71832439369179 2.718322963037269 2.718321603317228 2.718320309918604 2.718319078597323 2.718317905443446 2.718316786850093 2.718315719485678 2.71831470026908 2.718313726347381 2.718312795075884 2.718311904000132 2.718311050839726 2.718310233473716 2.718309449927413 2.718308698360442 2.718307977055935 2.718307284410709 2.718306618926358 2.718305979201137 2.718305363922574 2.71830477186074 2.71830420186209 2.718303652843839 2.718303123788827 2.718302613740791 2.718302121800053 2.718301647119537 2.718301188901135 2.718300746392337 2.718300318883142 2.718299905703218 2.718299506219261 2.718299119832571 2.718298745976817 2.718298384115934 2.718298033742237 2.718297694374606 2.718297365556855 2.71829704685619 2.718296737861781 2.71829643818345 2.718296147450417 2.71829586531018 2.718295591427421 2.718295325483027 2.718295067173148 2.718294816208335 2.718294572312727 2.718294335223297 2.718294104689135 2.718293880470787 2.718293662339635 2.718293450077313 2.718293243475157 2.7182930423337 2.718292846462179 2.718292655678094 2.718292469806773 2.71829228868098 2.718292112140529 2.718291940031947 2.718291772208117 2.718291608527986 2.718291448856253 2.718291293063094 2.718291141023898 2.71829099261902 2.718290847733552 2.718290706257073 2.718290568083479 2.718290433110746 2.718290301240772 2.718290172379174 2.718290046435136 2.718289923321246 2.718289802953335 2.718289685250345 2.718289570134182 2.7182894575296 2.718289347364057 2.718289239567624 2.718289134072852 2.718289030814679 2.718288929730322 2.718288830759191 2.718288733842788 2.718288638924627 2.718288545950151 2.718288454866649 2.718288365623191 2.71828827817054 2.718288192461103 2.718288108448859 2.718288026089285 2.718287945339321 2.718287866157299 2.718287788502877 2.718287712337014 2.718287637621915 2.718287564320957 2.718287492398683 2.718287421820729 2.718287352553805 2.718287284565638 2.718287217824944 2.718287152301387 2.718287087965555 2.718287024788911 2.718286962743773 2.718286901803284 2.718286841941374 2.71828678313274 2.718286725352817 2.718286668577746 2.718286612784371 2.718286557950179 2.718286504053312 2.718286451072532 2.718286398987188 2.71828634777722 2.718286297423119 2.71828624790592 2.718286199207176 2.718286151308953 2.718286104193797 2.718286057844733 2.718286012245243 2.718285967379249 2.718285923231104 2.718285879785575 2.71828583702783 2.718285794943428 2.718285753518308 2.718285712738766 2.71828567259146 2.718285633063385 2.718285594141875 2.718285555814583 2.718285518069468 2.718285480894806 2.718285444279154 2.718285408211363 2.718285372680556 2.71828533767613 2.718285303187733 2.718285269205273 2.718285235718904 2.718285202719017 2.71828517019623 2.718285138141397 2.718285106545575 2.718285075400051 2.718285044696299 2.71828501442601 2.718284984581063 2.718284955153522 2.718284926135643 2.718284897519856 2.718284869298767 2.718284841465151 2.718284814011944 2.718284786932249 2.718284760219319 2.71828473386656 2.718284707867527 2.718284682215916 2.718284656905569 2.718284631930454 2.71828460728468 2.718284582962478 2.718284558958212 2.718284535266365 2.71828451188154 2.718284488798448 2.718284466011929 2.718284443516916 2.718284421308465 2.718284399381724 2.718284377731951 2.718284356354502 2.718284335244826 2.718284314398469 2.718284293811075 2.718284273478365 2.718284253396166 2.718284233560369 2.718284213966961 2.718284194612012 2.718284175491668 2.718284156602152 2.718284137939762 2.718284119500872 2.718284101281929 2.718284083279446 2.718284065490009 2.718284047910274 2.718284030536947 2.71828401336682 2.718283996396733 2.718283979623586 2.718283963044349 2.718283946656043 2.718283930455747 2.718283914440595 2.718283898607779 2.718283882954543 2.718283867478175 2.718283852176024 2.718283837045488 2.718283822084006 2.718283807289069 2.718283792658217 2.718283778189031 2.718283763879135 2.718283749726206 2.718283735727955 2.71828372188213 2.718283708186532 2.718283694638993 2.718283681237388 2.718283667979629 2.718283654863665 2.718283641887473 2.718283629049085 2.718283616346552 2.718283603777965 2.718283591341447 2.718283579035151 2.718283566857272 2.718283554806022 2.718283542879655 2.718283531076453 2.718283519394721 2.718283507832807 2.718283496389068 2.718283485061903 2.718283473849737 2.718283462751015 2.718283451764211 2.718283440887826 2.718283430120388 2.718283419460444 2.718283408906569 2.71828339845736 2.718283388111435 2.718283377867444 2.718283367724047 2.718283357679933 2.718283347733807 2.718283337884404 2.71828332813047 2.718283318470781 2.718283308904116 2.718283299429295 2.718283290045136 2.718283280750501 2.718283271544239 2.718283262425242 2.718283253392407 2.718283244444655 2.718283235580917 2.71828322680015 2.718283218101317 2.718283209483402 2.718283200945407 2.718283192486347 2.718283184105245 2.718283175801153 2.718283167573129 2.718283159420249 2.7182831513416 2.718283143336278 2.7182831354034 2.718283127542102 2.718283119751517 2.718283112030801 2.718283104379126 2.718283096795667 2.718283089279617 2.718283081830176 2.718283074446563 2.718283067128004 2.718283059873738 2.718283052683012 2.718283045555085 2.718283038489233 2.718283031484732 2.718283024540877 2.718283017656967 2.718283010832317 2.718283004066246 2.71828299735809 2.718282990707185 2.718282984112881 2.718282977574544 2.718282971091539 2.718282964663236 2.718282958289034 2.718282951968321 2.718282945700498 2.718282939484981 2.718282933321191 2.718282927208549 2.718282921146495 2.718282915134473 2.71828290917193 2.718282903258326 2.718282897393132 2.718282891575814 2.718282885805855 2.718282880082746 2.718282874405976 2.718282868775049 2.71828286318947 2.718282857648755 2.718282852152426 2.718282846700006 2.718282841291036 2.71828283592505 2.71828283060159 2.718282825320217 2.718282820080482 2.718282814881953 2.718282809724195 2.71828280460679 2.718282799529304 2.718282794491337 2.718282789492471 2.718282784532307 2.718282779610447 2.718282774726493 2.718282769880062 2.718282765070768 2.71828276029823 2.718282755562083 2.718282750861949 2.718282746197465 2.718282741568278 2.718282736974025 2.71828273241436 2.718282727888929 2.718282723397404 2.718282718939439 2.718282714514698 2.718282710122856 2.718282705763584 2.718282701436566 2.718282697141479 2.718282692878015 2.71828268864586 2.71828268444471 2.718282680274264 2.71828267613422 2.718282672024286 2.718282667944174 2.718282663893584 2.71828265987225 2.718282655879872 2.718282651916184 2.718282647980911 2.718282644073781 2.718282640194527 2.718282636342881 2.718282632518582 2.718282628721378 2.718282624951008 2.718282621207218 2.718282617489768 2.7182826137984 2.718282610132877 2.718282606492957 2.718282602878402 2.718282599288982 2.718282595724453 2.718282592184596 2.71828258866918 2.718282585177977 2.718282581710766 2.718282578267341 2.718282574847466 2.718282571450934 2.718282568077537 2.718282564727063 2.718282561399301 2.71828255809405 2.718282554811109 2.718282551550272 2.718282548311346 2.718282545094132 2.71828254189844 2.718282538724078 2.718282535570847 2.718282532438576 2.718282529327066 2.718282526236143 2.718282523165623 2.718282520115323 2.71828251708507 2.718282514074689 2.718282511084002 2.71828250811284 2.718282505161037 2.71828250222842 2.718282499314826 2.718282496420091 2.718282493544051 2.718282490686545 2.71828248784742 2.718282485026509 2.718282482223664 2.718282479438725 2.718282476671547 2.718282473921974 2.718282471189861 2.718282468475056 2.718282465777414 2.718282463096794 2.718282460433049 2.718282457786041 2.718282455155625 2.718282452541672 2.718282449944035 2.718282447362587 2.718282444797184 2.718282442247706 2.718282439714009 2.718282437195966 2.718282434693454 2.718282432206339 2.718282429734502 2.718282427277813 2.718282424836145 2.718282422409385 2.71828241999741 2.718282417600093 2.718282415217323 2.718282412848978 2.718282410494938 2.7182824081551 2.718282405829342 2.718282403517548 2.71828240121962 2.718282398935432 2.718282396664881 2.718282394407856 2.718282392164257 2.71828238993397 2.718282387716894 2.718282385512929 2.718282383321958 2.718282381143892 2.718282378978627 2.718282376826058 2.718282374686091 2.718282372558628 2.718282370443568 2.718282368340818 2.718282366250283 2.718282364171864 2.718282362105473 2.718282360051009 2.718282358008394 2.718282355977527 2.71828235395832 2.718282351950679 2.718282349954527 2.718282347969772 2.718282345996319 2.718282344034099 2.718282342083014 2.718282340142982 2.71828233821392 2.71828233629574 2.718282334388377 2.718282332491742 2.718282330605742 2.718282328730315 2.71828232686537 2.718282325010837 2.718282323166634 2.718282321332691 2.718282319508923 2.718282317695258 2.718282315891626 2.718282314097947 2.718282312314151 2.718282310540163 2.718282308775916 2.718282307021337 2.718282305276351 2.718282303540895 2.718282301814896 2.718282300098281 2.718282298390994 2.718282296692959 2.718282295004108 2.718282293324378 2.718282291653706 2.718282289992023 2.718282288339263 2.71828228669537 2.718282285060274 2.718282283433911 2.718282281816222 2.718282280207149 2.718282278606626 2.718282277014595 2.71828227543099 2.718282273855761 2.718282272288845 2.718282270730181 2.718282269179709 2.718282267637386 2.718282266103141 2.718282264576917 2.718282263058668 2.718282261548328 2.718282260045853 2.718282258551179 2.718282257064264 2.718282255585041 2.718282254113458 2.718282252649474 2.71828225119303 2.718282249744068 2.718282248302548 2.718282246868414 2.718282245441612 2.718282244022098 2.718282242609819 2.718282241204732 2.71828223980678 2.718282238415915 2.718282237032096 2.71828223565527 2.718282234285391 2.71828223292242 2.718282231566294 2.718282230216984 2.718282228874438 2.718282227538609 2.718282226209451 2.718282224886921 2.718282223570982 2.71828222226158 2.718282220958675 2.718282219662232 2.718282218372198 2.718282217088533 2.7182822158112 2.718282214540152 2.718282213275347 2.71828221201675 2.718282210764317 2.718282209518008 2.718282208277785 2.718282207043607 2.718282205815436 2.718282204593228 2.718282203376951 2.718282202166564 2.718282200962029 2.718282199763307 2.718282198570361 2.718282197383157 2.718282196201655 2.718282195025819 2.718282193855611 2.718282192691004 2.718282191531955 2.718282190378424 2.71828218923039 2.718282188087801 2.718282186950642 2.718282185818856 2.718282184692432 2.718282183571317 2.718282182455488 2.718282181344919 2.718282180239556 2.718282179139384 2.718282178044364 2.718282176954463 2.718282175869656 2.718282174789906 2.718282173715173 2.71828217264544 2.718282171580676 2.718282170520838 2.718282169465909 2.718282168415854 2.718282167370636 2.718282166330229 2.718282165294612 2.718282164263749 2.718282163237608 2.718282162216161 2.718282161199386 2.718282160187246 2.71828215917972 2.71828215817678 2.71828215717839 2.71828215618453 2.718282155195168 2.718282154210283 2.718282153229846 2.718282152253827 2.7182821512822 2.718282150314941 2.718282149352022 2.718282148393418 2.718282147439101 2.71828214648905 2.718282145543239 2.718282144601637 2.718282143664222 2.718282142730973 2.718282141801863 2.718282140876863 2.718282139955957 2.718282139039114 2.718282138126324 2.718282137217539 2.718282136312753 2.718282135411937 2.718282134515068 2.718282133622131 2.718282132733091 2.718282131847927 2.718282130966625 2.718282130089154 2.718282129215499 2.718282128345634 2.718282127479536 2.718282126617185 2.718282125758559 2.718282124903635 2.718282124052393 2.718282123204813 2.718282122360876 2.718282121520556 2.718282120683836 2.718282119850693 2.718282119021108 2.718282118195061 2.718282117372535 2.718282116553504 2.718282115737947 2.718282114925854 2.718282114117196 2.718282113311959 2.718282112510122 2.718282111711668 2.718282110916573 2.718282110124822 2.71828210933639 2.718282108551272 2.718282107769434 2.718282106990872 2.71828210621556 2.718282105443477 2.718282104674608 2.718282103908938 2.718282103146447 2.718282102387122 2.718282101630936 2.718282100877873 2.718282100127928 2.718282099381069 2.718282098637294 2.718282097896572 2.718282097158893 2.718282096424237 2.718282095692592 2.71828209496394 2.718282094238264 2.718282093515545 2.718282092795775 2.718282092078926 2.718282091364996 2.718282090653957 2.718282089945801 2.718282089240507 2.718282088538073 2.718282087838463 2.718282087141675 2.718282086447693 2.718282085756496 2.718282085068074 2.718282084382414 2.718282083699497 2.718282083019306 2.718282082341838 2.718282081667067 2.718282080994981 2.718282080325566 2.718282079658815 2.718282078994708 2.718282078333226 2.718282077674357 2.718282077018095 2.718282076364424 2.718282075713335 2.718282075064792 2.718282074418807 2.718282073775355 2.718282073134423 2.718282072496003 2.718282071860075 2.71828207122663 2.718282070595654 2.718282069967135 2.718282069341065 2.718282068717418 2.718282068096201 2.718282067477379 2.718282066860958 2.718282066246914 2.718282065635244 2.718282065025927 2.71828206441896 2.718282063814319 2.718282063212002 2.718282062612002 2.718282062014281 2.71828206141886 2.71828206082571 2.718282060234822 2.718282059646187 2.718282059059792 2.718282058475622 2.718282057893667 2.718282057313927 2.718282056736373 2.718282056161002 2.718282055587808 2.71828205501677 2.718282054447892 2.718282053881148 2.718282053316535 2.718282052754038 2.718282052193649 2.718282051635366 2.718282051079157 2.718282050525037 2.718282049972973 2.718282049422976 2.718282048875014 2.718282048329093 2.718282047785197 2.718282047243317 2.718282046703441 2.718282046165565 2.718282045629673 2.718282045095755 2.718282044563803 2.718282044033811 2.718282043505765 2.718282042979655 2.718282042455476 2.718282041933215 2.718282041412864 2.718282040894411 2.71828204037786 2.718282039863175 2.718282039350373 2.718282038839427 2.718282038330344 2.718282037823102 2.718282037317694 2.71828203681412 2.71828203631236 2.718282035812412 2.71828203531427 2.718282034817912 2.718282034323344 2.718282033830556 2.718282033339527 2.718282032850261 2.718282032362745 2.718282031876974 2.718282031392929 2.718282030910617 2.718282030430017 2.718282029951126 2.718282029473944 2.71828202899845 2.718282028524642 2.71828202805251 2.71828202758205 2.718282027113249 2.718282026646101 2.718282026180601 2.718282025716733 2.718282025254507 2.718282024793899 2.718282024334901 2.718282023877516 2.71828202342173 2.718282022967538 2.71828202251493 2.718282022063899 2.718282021614439 2.718282021166544 2.718282020720205 2.718282020275407 2.718282019832164 2.718282019390442 2.71828201895026 2.718282018511593 2.718282018074433 2.718282017638788 2.718282017204641 2.718282016771989 2.718282016340822 2.718282015911131 2.718282015482909 2.718282015056162 2.718282014630869 2.718282014207028 2.718282013784636 2.718282013363682 2.718282012944155 2.718282012526061 2.718282012109385 2.718282011694121 2.718282011280265 2.718282010867806 2.718282010456749 2.718282010047074 2.718282009638785 2.718282009231865 2.718282008826318 2.718282008422133 2.718282008019303 2.718282007617825 2.718282007217697 2.718282006818905 2.718282006421449 2.718282006025315 2.718282005630504 2.718282005237008 2.718282004844818 2.718282004453938 2.718282004064354 2.718282003676062 2.718282003289057 2.718282002903333 2.718282002518881 2.718282002135695 2.718282001753783 2.718282001373125 2.718282000993721 2.718282000615563 2.718282000238642 2.718281999862963 2.718281999488519 2.718281999115294 2.718281998743292 2.718281998372502 2.718281998002928 2.718281997634553 2.71828199726738 2.718281996901398 2.71828199653661 2.718281996173003 2.718281995810573 2.718281995449319 2.718281995089225 2.718281994730308 2.718281994372541 2.718281994015928 2.718281993660466 2.718281993306147 2.718281992952966 2.718281992600924 2.718281992250002 2.718281991900212 2.718281991551536 2.718281991203975 2.718281990857528 2.718281990512184 2.718281990167934 2.718281989824787 2.718281989482731 2.718281989141753 2.718281988801866 2.718281988463057 2.718281988125316 2.718281987788643 2.718281987453039 2.718281987118491 2.718281986784999 2.718281986452555 2.71828198612116 2.7182819857908 2.718281985461485 2.718281985133202 2.718281984805944 2.718281984479714 2.718281984154499 2.718281983830301 2.718281983507113 2.718281983184935 2.718281982863763 2.718281982543588 2.71828198222441 2.718281981906221 2.718281981589018 2.718281981272796 2.718281980957552 2.718281980643285 2.718281980329985 2.718281980017653 2.718281979706284 2.718281979395878 2.718281979086422 2.718281978777914 2.718281978470358 2.718281978163746 2.718281977858069 2.718281977553331 2.718281977249518 2.71828197694664 2.718281976644681 2.718281976343643 2.718281976043525 2.718281975744311 2.718281975446016 2.718281975148619 2.71828197485213 2.718281974556532 2.718281974261836 2.718281973968028 2.718281973675104 2.718281973383069 2.718281973091906 2.718281972801627 2.718281972512216 2.718281972223678 2.718281971936008 2.718281971649195


# name: errorsimpson
# type: matrix
# rows: 1
# columns: 1000
 0.0005793234175479611 3.701346270190697e-005 7.341461786491976e-006 2.326240851502348e-006 9.534657778864641e-007 4.599789753534367e-007 2.48339627528793e-007 1.455928466675971e-007 9.090176611437073e-008 5.964481131215393e-008 4.074031290102198e-008 2.8766509618805e-008 2.088584416526373e-008 1.552829731465977e-008 1.178363850939945e-008 9.102726572507436e-009 7.142685110039793e-009 5.682926129679799e-009 4.57774573803249e-009 3.728632513855246e-009 3.067576415105577e-009 2.546739708009227e-009 2.13189643716305e-009 1.79818604451043e-009 1.527288961966633e-009 1.305538344098522e-009 1.122610893133924e-009 9.706293546685174e-010 8.435190324007635e-010 7.365503762457593e-010 6.460143531228368e-010 5.689697601951593e-010 5.030762473268169e-010 4.464522085356748e-010 3.975748619211572e-010 3.552069749446218e-010 3.183360242076105e-010 2.861266779063953e-010 2.578905977657087e-010 2.330531323480045e-010 2.111337771282251e-010 1.917324077282956e-010 1.745115163487299e-010 1.591788922894466e-010 1.454933951094972e-010 1.332485233263014e-010 1.222657530774995e-010 1.123909854072735e-010 1.034927699095078e-010 9.545919610332021e-011 8.818945573807468e-011 8.159961595310961e-011 7.561151704749136e-011 7.016565106710004e-011 6.519940143334679e-011 6.06656946899875e-011 5.651923373761747e-011 5.272138281497973e-011 4.923750296370599e-011 4.603561976068704e-011 4.309042012096143e-011 4.037703504877754e-011 3.787370417285274e-011 3.556088756795361e-011 3.342348620094526e-011 3.144284832501398e-011 2.960698353149382e-011 2.790434550092868e-011 2.632116746781321e-011 2.48494558263701e-011 2.347810834635311e-011 2.220135186803418e-011 2.100897233958676e-011 1.989652886891236e-011 1.885647193944351e-011 1.788214021303247e-011 1.697086915442014e-011 1.611777378229817e-011 1.531752502614836e-011 1.45665701722919e-011 1.385913606100075e-011 1.319611087069461e-011 1.257083326322572e-011 1.198330323859409e-011 1.142996808312091e-011 1.090638690470769e-011 1.041344788177412e-011 9.948930568270953e-012 9.509282250519391e-012 9.093614750099732e-012 8.699707620962727e-012 8.327560863108374e-012 7.975398119697275e-012 7.642331212309728e-012 7.325251516476783e-012 7.025047210618141e-012 6.7399419378944e-012 6.467715252256312e-012 6.211031688962976e-012 5.966338534335591e-012 5.733191699164308e-012 5.511591183449127e-012 5.300204719560497e-012 5.100808664337819e-012 4.908073947262892e-012 4.725997371224366e-012 4.552358490172992e-012 4.385825036479218e-012 4.226841099352896e-012 4.075406678794025e-012 3.929745417963204e-012 3.792077762909685e-012 3.658406910744816e-012 3.533173753567098e-012 3.411493310068181e-012 3.296030115507165e-012 3.184563723834799e-012 3.075317778211684e-012 2.974509527575719e-012 2.879030347457956e-012 2.783107078130342e-012 2.69384514695048e-012 2.606803661819868e-012 2.524647157997606e-012 2.443822921804895e-012 2.366995488500834e-012 2.293276679665723e-012 2.223554673719264e-012 2.153832667772804e-012 2.088995643134695e-012 2.024602707706435e-012 1.965538842796377e-012 1.906474977886319e-012 1.850963826655061e-012 1.795896764633653e-012 1.743050148661496e-012 1.694644424787839e-012 1.644906433284632e-012 1.596944798620825e-012 1.552535877635819e-012 1.507682867440963e-012 1.468158927764307e-012 1.427302720458101e-012 1.386890602361746e-012 1.35003119794419e-012 1.314504061156185e-012 1.27897692436818e-012 1.242561609160475e-012 1.210587186051271e-012 1.179500941361766e-012 1.147526518252562e-012 1.116440273563057e-012 1.088462653342503e-012 1.06314956838105e-012 1.034283769740796e-012 1.008082506359642e-012 9.809930645587883e-013 9.570122472268849e-013 9.321432514752814e-013 9.099387909827783e-013 8.886225089099753e-013 8.65529869997772e-013 8.44213587924969e-013 8.255618411112664e-013 8.077982727172639e-013 7.864819906444609e-013 7.678302438307583e-013 7.496225862269057e-013 7.318590178329032e-013 7.140954494389007e-013 6.989964163039986e-013 6.825651155395462e-013 6.67021993194794e-013 6.505906924303417e-013 6.354916592954396e-013 6.212808045802376e-013 6.10178574333986e-013 5.950795411990839e-013 5.81756864903582e-013 5.6710192097853e-013 5.551115123125783e-013 5.440092820663267e-013 5.324629626102251e-013 5.200284647344233e-013 5.093703236980218e-013 4.978240042419202e-013 4.876099524153688e-013 4.782840790085174e-013 4.676259379721159e-013 4.560796185160143e-013 4.503064587879635e-013 4.383160501220118e-013 4.303224443447107e-013 4.227729277772596e-013 4.11670697531008e-013 4.058975378029572e-013 3.961275751862559e-013 3.876898801991047e-013 3.801403636316536e-013 3.730349362740526e-013 3.650413304967515e-013 3.601563491884008e-013 3.517186542012496e-013 3.450573160534987e-013 3.383959779057477e-013 3.312905505481467e-013 3.272937476594961e-013 3.197442310920451e-013 3.135269821541442e-013 3.081979116359435e-013 3.037570195374428e-013 2.939870569207415e-013 2.913225216616411e-013 2.855493619335903e-013 2.788880237858393e-013 2.731148640577885e-013 2.682298827494378e-013 2.642330798607873e-013 2.584599201327364e-013 2.557953848736361e-013 2.513544927751354e-013 2.464695114667848e-013 2.402522625288839e-013 2.371436380599334e-013 2.327027459614328e-013 2.291500322826323e-013 2.247091401841317e-013 2.202682480856311e-013 2.180478020363807e-013 2.140509991477302e-013 2.096101070492296e-013 2.051692149507289e-013 2.016165012719284e-013 1.993960552226781e-013 1.936228954946273e-013 1.909583602355269e-013 1.878497357665765e-013 1.84297022087776e-013 1.829647544582258e-013 1.807443084089755e-013 1.77191594730175e-013 1.745270594710746e-013 1.718625242119742e-013 1.691979889528739e-013 1.643130076445232e-013 1.63424829224823e-013 1.612043831755727e-013 1.55875312657372e-013 1.536548666081217e-013 1.527666881884215e-013 1.49213974509621e-013 1.483257960899209e-013 1.434408147815702e-013 1.438849039914203e-013 1.403321903126198e-013 1.372235658436693e-013 1.372235658436693e-013 1.34559030584569e-013 1.305622276959184e-013 1.310063169057685e-013 1.287858708565182e-013 1.265654248072678e-013 1.234568003383174e-013 1.243449787580175e-013 1.216804434989172e-013 1.194599974496668e-013 1.167954621905665e-013 1.167954621905665e-013 1.145750161413162e-013 1.13686837721616e-013 1.092459456231154e-013 1.096900348329655e-013 1.06137321154165e-013 1.021405182655144e-013 1.034727858950646e-013 1.034727858950646e-013 1.012523398458143e-013 1.003641614261142e-013 9.85878045867139e-014 9.636735853746359e-014 9.325873406851315e-014 9.459100169806334e-014 9.370282327836321e-014 9.281464485866309e-014 9.103828801926284e-014 8.970602038971265e-014 8.881784197001252e-014 8.704148513061227e-014 8.526512829121202e-014 8.615330671091215e-014 7.993605777301127e-014 8.304468224196171e-014 8.260059303211165e-014 8.08242361927114e-014 7.993605777301127e-014 7.638334409421077e-014 7.815970093361102e-014 7.505107646466058e-014 7.549516567451064e-014 7.460698725481052e-014 7.283063041541027e-014 7.149836278586008e-014 7.105427357601002e-014 6.927791673660977e-014 6.883382752675971e-014 6.927791673660977e-014 6.705747068735946e-014 6.572520305780927e-014 6.483702463810914e-014 6.616929226765933e-014 6.350475700855895e-014 6.394884621840902e-014 6.17284001691587e-014 6.217248937900877e-014 6.17284001691587e-014 6.217248937900877e-014 6.039613253960852e-014 5.906386491005833e-014 5.773159728050814e-014 5.906386491005833e-014 5.773159728050814e-014 5.373479439185758e-014 5.506706202140776e-014 5.506706202140776e-014 5.329070518200751e-014 5.195843755245733e-014 5.062616992290714e-014 5.018208071305708e-014 5.195843755245733e-014 5.10702591327572e-014 5.062616992290714e-014 4.884981308350689e-014 4.662936703425657e-014 4.840572387365683e-014 4.529709940470639e-014 4.75175454539567e-014 4.529709940470639e-014 4.618527782440651e-014 4.263256414560601e-014 4.485301019485632e-014 4.352074256530614e-014 4.352074256530614e-014 4.352074256530614e-014 4.307665335545607e-014 4.307665335545607e-014 4.130029651605582e-014 4.130029651605582e-014 4.218847493575595e-014 4.130029651605582e-014 4.130029651605582e-014 3.863576125695545e-014 4.130029651605582e-014 3.68594044175552e-014 3.907985046680551e-014 3.819167204710538e-014 3.597122599785507e-014 3.863576125695545e-014 3.641531520770513e-014 3.819167204710538e-014 3.730349362740526e-014 3.730349362740526e-014 3.419486915845482e-014 3.508304757815495e-014 3.463895836830488e-014 3.33066907387547e-014 3.375077994860476e-014 3.241851231905457e-014 3.241851231905457e-014 3.286260152890463e-014 3.197442310920451e-014 3.241851231905457e-014 3.108624468950438e-014 3.197442310920451e-014 2.97539770599542e-014 2.930988785010413e-014 2.886579864025407e-014 3.064215547965432e-014 3.019806626980426e-014 2.797762022055394e-014 2.886579864025407e-014 2.886579864025407e-014 2.886579864025407e-014 2.708944180085382e-014 2.97539770599542e-014 2.664535259100376e-014 2.531308496145357e-014 2.708944180085382e-014 2.575717417130363e-014 2.708944180085382e-014 2.309263891220326e-014 2.486899575160351e-014 2.486899575160351e-014 2.575717417130363e-014 2.620126338115369e-014 2.442490654175344e-014 2.486899575160351e-014 2.398081733190338e-014 2.575717417130363e-014 2.353672812205332e-014 2.442490654175344e-014 2.442490654175344e-014 2.309263891220326e-014 2.353672812205332e-014 2.042810365310288e-014 2.264854970235319e-014 2.353672812205332e-014 2.131628207280301e-014 2.309263891220326e-014 2.220446049250313e-014 1.77635683940025e-014 2.264854970235319e-014 2.042810365310288e-014 2.220446049250313e-014 1.909583602355269e-014 1.909583602355269e-014 1.998401444325282e-014 2.176037128265307e-014 2.176037128265307e-014 2.087219286295294e-014 2.042810365310288e-014 1.731947918415244e-014 1.909583602355269e-014 1.953992523340276e-014 1.865174681370263e-014 1.998401444325282e-014 1.687538997430238e-014 1.731947918415244e-014 1.465494392505207e-014 1.909583602355269e-014 1.643130076445232e-014 1.909583602355269e-014 1.687538997430238e-014 1.77635683940025e-014 1.554312234475219e-014 1.687538997430238e-014 1.687538997430238e-014 1.909583602355269e-014 1.554312234475219e-014 1.643130076445232e-014 1.465494392505207e-014 1.332267629550188e-014 1.820765760385257e-014 1.643130076445232e-014 1.509903313490213e-014 1.731947918415244e-014 1.154631945610163e-014 1.77635683940025e-014 1.554312234475219e-014 1.598721155460225e-014 1.4210854715202e-014 1.332267629550188e-014 1.509903313490213e-014 1.687538997430238e-014 1.465494392505207e-014 1.465494392505207e-014 1.243449787580175e-014 1.332267629550188e-014 1.4210854715202e-014 1.4210854715202e-014 1.554312234475219e-014 1.287858708565182e-014 1.332267629550188e-014 1.154631945610163e-014 1.509903313490213e-014 1.509903313490213e-014 1.376676550535194e-014 1.243449787580175e-014 1.332267629550188e-014 1.332267629550188e-014 1.110223024625157e-014 1.243449787580175e-014 1.06581410364015e-014 1.376676550535194e-014 1.287858708565182e-014 1.243449787580175e-014 9.325873406851315e-015 1.154631945610163e-014 1.332267629550188e-014 1.06581410364015e-014 1.199040866595169e-014 1.110223024625157e-014 1.110223024625157e-014 1.154631945610163e-014 1.287858708565182e-014 1.199040866595169e-014 1.199040866595169e-014 1.376676550535194e-014 1.287858708565182e-014 9.325873406851315e-015 1.243449787580175e-014 1.021405182655144e-014 9.325873406851315e-015 1.199040866595169e-014 1.021405182655144e-014 7.993605777301127e-015 8.43769498715119e-015 1.06581410364015e-014 8.43769498715119e-015 9.769962616701378e-015 8.43769498715119e-015 9.325873406851315e-015 8.43769498715119e-015 8.43769498715119e-015 1.243449787580175e-014 8.43769498715119e-015 1.06581410364015e-014 8.881784197001252e-015 1.06581410364015e-014 5.773159728050814e-015 7.105427357601002e-015 6.661338147750939e-015 9.769962616701378e-015 9.769962616701378e-015 7.549516567451064e-015 8.881784197001252e-015 7.105427357601002e-015 1.332267629550188e-014 7.105427357601002e-015 7.105427357601002e-015 9.325873406851315e-015 7.993605777301127e-015 7.993605777301127e-015 7.105427357601002e-015 6.661338147750939e-015 9.325873406851315e-015 9.769962616701378e-015 7.105427357601002e-015 9.769962616701378e-015 8.43769498715119e-015 6.217248937900877e-015 6.661338147750939e-015 4.440892098500626e-015 7.549516567451064e-015 6.217248937900877e-015 8.881784197001252e-015 8.43769498715119e-015 1.021405182655144e-014 5.773159728050814e-015 7.105427357601002e-015 4.884981308350689e-015 8.881784197001252e-015 9.769962616701378e-015 5.773159728050814e-015 7.993605777301127e-015 6.661338147750939e-015 8.881784197001252e-015 8.43769498715119e-015 3.996802888650564e-015 6.217248937900877e-015 7.105427357601002e-015 7.993605777301127e-015 5.773159728050814e-015 7.105427357601002e-015 7.105427357601002e-015 7.105427357601002e-015 4.440892098500626e-015 4.884981308350689e-015 4.884981308350689e-015 7.105427357601002e-015 4.884981308350689e-015 7.105427357601002e-015 5.329070518200751e-015 6.217248937900877e-015 8.881784197001252e-015 9.325873406851315e-015 5.329070518200751e-015 4.440892098500626e-015 5.773159728050814e-015 2.220446049250313e-015 8.881784197001252e-015 4.440892098500626e-015 3.996802888650564e-015 4.440892098500626e-015 6.661338147750939e-015 5.329070518200751e-015 8.881784197001252e-015 3.996802888650564e-015 5.329070518200751e-015 5.329070518200751e-015 5.773159728050814e-015 4.440892098500626e-015 1.332267629550188e-015 7.993605777301127e-015 5.773159728050814e-015 6.661338147750939e-015 6.217248937900877e-015 5.329070518200751e-015 7.105427357601002e-015 3.108624468950438e-015 7.993605777301127e-015 4.440892098500626e-015 2.220446049250313e-015 2.664535259100376e-015 3.996802888650564e-015 3.996802888650564e-015 4.884981308350689e-015 4.884981308350689e-015 4.884981308350689e-015 1.77635683940025e-015 5.773159728050814e-015 7.993605777301127e-015 1.77635683940025e-015 8.43769498715119e-015 4.440892098500626e-015 1.332267629550188e-015 2.220446049250313e-015 3.552713678800501e-015 5.329070518200751e-015 7.549516567451064e-015 4.440892098500626e-015 4.440892098500626e-015 3.996802888650564e-015 3.108624468950438e-015 3.996802888650564e-015 3.108624468950438e-015 2.220446049250313e-015 2.664535259100376e-015 3.996802888650564e-015 3.108624468950438e-015 3.996802888650564e-015 9.325873406851315e-015 5.773159728050814e-015 5.773159728050814e-015 3.552713678800501e-015 5.773159728050814e-015 3.996802888650564e-015 4.440892098500626e-015 6.661338147750939e-015 5.773159728050814e-015 2.664535259100376e-015 5.329070518200751e-015 3.552713678800501e-015 3.108624468950438e-015 6.217248937900877e-015 4.440892098500626e-015 2.664535259100376e-015 4.440892098500626e-015 1.77635683940025e-015 6.661338147750939e-015 3.996802888650564e-015 8.881784197001252e-016 3.108624468950438e-015 7.105427357601002e-015 3.108624468950438e-015 3.108624468950438e-015 3.108624468950438e-015 8.881784197001252e-016 1.332267629550188e-015 6.217248937900877e-015 1.77635683940025e-015 8.881784197001252e-016 3.108624468950438e-015 5.773159728050814e-015 5.329070518200751e-015 5.773159728050814e-015 3.552713678800501e-015 6.217248937900877e-015 1.77635683940025e-015 6.661338147750939e-015 1.77635683940025e-015 2.664535259100376e-015 6.217248937900877e-015 4.440892098500626e-015 1.77635683940025e-015 8.881784197001252e-016 3.552713678800501e-015 4.884981308350689e-015 3.552713678800501e-015 1.332267629550188e-015 4.440892098500626e-015 8.881784197001252e-016 1.77635683940025e-015 3.996802888650564e-015 4.440892098500626e-015 -4.440892098500626e-016 3.108624468950438e-015 4.440892098500626e-015 -8.881784197001252e-016 4.884981308350689e-015 4.440892098500626e-016 1.77635683940025e-015 8.881784197001252e-016 -4.440892098500626e-016 3.552713678800501e-015 2.220446049250313e-015 3.108624468950438e-015 2.664535259100376e-015 0 3.108624468950438e-015 1.77635683940025e-015 8.881784197001252e-016 2.664535259100376e-015 1.332267629550188e-015 3.552713678800501e-015 6.661338147750939e-015 4.440892098500626e-016 3.108624468950438e-015 3.108624468950438e-015 2.664535259100376e-015 1.77635683940025e-015 3.996802888650564e-015 4.884981308350689e-015 2.220446049250313e-015 2.664535259100376e-015 4.884981308350689e-015 1.77635683940025e-015 8.881784197001252e-016 3.552713678800501e-015 2.220446049250313e-015 1.77635683940025e-015 -4.440892098500626e-016 3.108624468950438e-015 2.220446049250313e-015 3.108624468950438e-015 1.77635683940025e-015 -2.664535259100376e-015 3.108624468950438e-015 2.664535259100376e-015 1.77635683940025e-015 1.332267629550188e-015 1.77635683940025e-015 2.220446049250313e-015 2.664535259100376e-015 1.77635683940025e-015 2.220446049250313e-015 2.220446049250313e-015 2.664535259100376e-015 2.220446049250313e-015 4.440892098500626e-015 1.77635683940025e-015 3.996802888650564e-015 4.440892098500626e-015 2.664535259100376e-015 3.108624468950438e-015 0 3.108624468950438e-015 3.552713678800501e-015 3.552713678800501e-015 6.661338147750939e-015 8.881784197001252e-016 4.440892098500626e-015 8.881784197001252e-016 4.440892098500626e-015 1.332267629550188e-015 1.77635683940025e-015 3.996802888650564e-015 3.108624468950438e-015 1.77635683940025e-015 3.108624468950438e-015 1.77635683940025e-015 4.440892098500626e-016 2.220446049250313e-015 0 2.220446049250313e-015 -4.440892098500626e-016 3.108624468950438e-015 -4.440892098500626e-016 -4.440892098500626e-016 8.881784197001252e-016 -1.332267629550188e-015 2.664535259100376e-015 -2.664535259100376e-015 1.77635683940025e-015 3.108624468950438e-015 3.552713678800501e-015 -4.440892098500626e-016 4.884981308350689e-015 3.996802888650564e-015 5.329070518200751e-015 -4.440892098500626e-016 3.996802888650564e-015 1.77635683940025e-015 3.552713678800501e-015 0 1.77635683940025e-015 8.881784197001252e-016 8.881784197001252e-016 0 2.664535259100376e-015 1.77635683940025e-015 1.77635683940025e-015 2.220446049250313e-015 3.552713678800501e-015 2.220446049250313e-015 2.220446049250313e-015 1.332267629550188e-015 -8.881784197001252e-016 1.332267629550188e-015 -3.996802888650564e-015 8.881784197001252e-016 1.77635683940025e-015 3.996802888650564e-015 2.220446049250313e-015 1.77635683940025e-015 2.664535259100376e-015 1.332267629550188e-015 5.773159728050814e-015 2.220446049250313e-015 1.77635683940025e-015 6.217248937900877e-015 -4.440892098500626e-016 2.664535259100376e-015 1.77635683940025e-015 4.440892098500626e-016 3.996802888650564e-015 -4.440892098500626e-016 -4.440892098500626e-016 -1.332267629550188e-015 8.881784197001252e-016 1.332267629550188e-015 3.552713678800501e-015 1.77635683940025e-015 8.881784197001252e-016 1.77635683940025e-015 -8.881784197001252e-016 -2.220446049250313e-015 1.77635683940025e-015 3.996802888650564e-015 4.440892098500626e-016 2.664535259100376e-015 4.440892098500626e-016 1.77635683940025e-015 1.77635683940025e-015 3.552713678800501e-015 4.884981308350689e-015 -4.440892098500626e-016 -8.881784197001252e-016 -4.440892098500626e-016 -1.332267629550188e-015 3.996802888650564e-015 -1.332267629550188e-015 4.440892098500626e-016 0 1.332267629550188e-015 1.77635683940025e-015 2.220446049250313e-015 1.332267629550188e-015 2.664535259100376e-015 5.329070518200751e-015 -1.77635683940025e-015 1.332267629550188e-015 4.440892098500626e-016 4.884981308350689e-015 -4.440892098500626e-016 -2.664535259100376e-015 -1.332267629550188e-015 2.220446049250313e-015 4.884981308350689e-015 -3.996802888650564e-015 4.440892098500626e-016 2.664535259100376e-015 1.77635683940025e-015 4.440892098500626e-016 4.884981308350689e-015 1.332267629550188e-015 4.440892098500626e-016 2.220446049250313e-015 1.77635683940025e-015 3.552713678800501e-015 5.329070518200751e-015 -2.664535259100376e-015 2.664535259100376e-015 2.220446049250313e-015 4.440892098500626e-016 4.440892098500626e-016 -8.881784197001252e-016 3.552713678800501e-015 -4.440892098500626e-016 -1.332267629550188e-015 1.332267629550188e-015 2.220446049250313e-015 1.332267629550188e-015 -2.664535259100376e-015 -2.220446049250313e-015 4.440892098500626e-015 2.220446049250313e-015 2.664535259100376e-015 1.77635683940025e-015 8.881784197001252e-016 1.332267629550188e-015 -4.440892098500626e-016 2.220446049250313e-015 -2.220446049250313e-015 1.332267629550188e-015 0 -2.664535259100376e-015 -4.440892098500626e-016 4.440892098500626e-016 -1.77635683940025e-015 0 -1.77635683940025e-015 8.881784197001252e-016 3.108624468950438e-015 -1.77635683940025e-015 -2.664535259100376e-015 3.552713678800501e-015 0 -2.220446049250313e-015 0 3.108624468950438e-015 3.996802888650564e-015 3.996802888650564e-015 -4.440892098500626e-016 4.440892098500626e-016 -2.220446049250313e-015 4.440892098500626e-016 3.552713678800501e-015 1.332267629550188e-015 3.996802888650564e-015 3.108624468950438e-015 -1.77635683940025e-015 3.108624468950438e-015 -4.440892098500626e-016 3.996802888650564e-015 3.552713678800501e-015 3.996802888650564e-015 3.552713678800501e-015 3.108624468950438e-015 3.108624468950438e-015 2.220446049250313e-015 3.552713678800501e-015 4.440892098500626e-016 -3.552713678800501e-015 8.881784197001252e-016 -4.440892098500626e-016 4.440892098500626e-016 2.664535259100376e-015 2.220446049250313e-015 8.881784197001252e-016 0 8.881784197001252e-016 8.881784197001252e-016 -1.332267629550188e-015 3.552713678800501e-015 -1.77635683940025e-015 4.440892098500626e-016 -4.440892098500626e-016 6.217248937900877e-015 8.881784197001252e-016 8.881784197001252e-016 2.664535259100376e-015 -2.220446049250313e-015 3.108624468950438e-015 3.552713678800501e-015 2.664535259100376e-015 1.77635683940025e-015 3.552713678800501e-015 -1.77635683940025e-015 -8.881784197001252e-016 8.881784197001252e-016 4.440892098500626e-015 4.440892098500626e-016 8.881784197001252e-016 2.220446049250313e-015 4.884981308350689e-015 5.773159728050814e-015 8.881784197001252e-016 4.884981308350689e-015 0 -5.329070518200751e-015 3.996802888650564e-015 -3.108624468950438e-015 0 -8.881784197001252e-016 8.881784197001252e-016 8.881784197001252e-016 1.77635683940025e-015 -4.440892098500626e-016 8.881784197001252e-016 -4.440892098500626e-016 8.881784197001252e-016 5.773159728050814e-015 4.440892098500626e-016 2.664535259100376e-015 2.220446049250313e-015 1.77635683940025e-015 -8.881784197001252e-016 4.440892098500626e-016 -1.77635683940025e-015 2.220446049250313e-015 4.440892098500626e-015 2.664535259100376e-015 4.440892098500626e-015 1.77635683940025e-015 1.77635683940025e-015 1.332267629550188e-015 0 1.332267629550188e-015 -1.332267629550188e-015 -2.664535259100376e-015 0 1.77635683940025e-015 8.881784197001252e-016 4.440892098500626e-016 -8.881784197001252e-016 3.108624468950438e-015 -3.108624468950438e-015 -1.77635683940025e-015 1.77635683940025e-015 0


# name: errortrapez
# type: matrix
# rows: 1
# columns: 1000
 0.1408590857704772 0.03564926400578061 0.01588063166438403 0.008940076098471472 0.005723791323742677 0.003975664012435765 0.002921254528404305 0.002236763705257161 0.001767416025124646 0.001431662930269528 0.001183226719754682 0.0009942609873405672 0.0008471954617990107 0.0007304998868220558 0.0006363535414042332 0.0005593001209489579 0.0004954390839357892 0.0004419221826053032 0.000396630310241175 0.0003579604661765323 0.0003246819525926092 0.0002958372351735683 0.0002706722896550495 0.000248586821717911 0.0002290981345809406 0.0002118145298330987 0.0001964154716214139 0.0001826366179278338 0.0001702584004226182 0.0001590972230802734 0.0001489986150677858 0.0001398318572820578 0.0001314857309062667 0.0001238651279975578 0.0001168883299946799 0.0001104848078461451 0.0001045934325474285 9.916101086959728e-005 9.414108044802916e-005 8.949291301885154e-005 8.518068572271886e-005 8.117278883057466e-005 7.744124482922388e-005 7.396121884761797e-005 7.071060437846555e-005 6.766967133620128e-005 6.482076597080777e-005 6.214805406790092e-005 5.963730046554261e-005 5.727567911151255e-005 5.505160893815031e-005 5.295461161125559e-005 5.097518789209943e-005 4.910470986407844e-005 4.733532676004515e-005 4.565988245364139e-005 4.407184297994249e-005 4.25652327447068e-005 4.113457822407796e-005 3.977485818262849e-005 3.848145955887006e-005 3.725013827793333e-005 3.60769844012232e-005 3.495839104816767e-005 3.389102663309274e-005 3.28718100344183e-005 3.189788833557472e-005 3.096661683876789e-005 3.007554108691579e-005 2.922238068059357e-005 2.840501467105128e-005 2.762146836809976e-005 2.686990139721956e-005 2.614859688954141e-005 2.545595166392189e-005 2.479046731274082e-005 2.415074209149992e-005 2.353546352873437e-005 2.294340169495257e-005 2.237340304489521e-005 2.182438479403359e-005 2.129532978223381e-005 2.078528174598304e-005 2.029334100805968e-005 1.981866049227676e-005 1.936044208949994e-005 1.891793329233948e-005 1.849042409673984e-005 1.807724417313139e-005 1.767776021566192e-005 1.729137352635135e-005 1.691751777155304e-005 1.655565688940541e-005 1.62052831922388e-005 1.586591556090866e-005 1.553709780965917e-005 1.521839714468953e-005 1.490940273640717e-005 1.460972440536779e-005 1.431899137216419e-005 1.403685113476882e-005 1.376296837563018e-005 1.349702398201202e-005 1.323871410274791e-005 1.298774928981672e-005 1.274385368210673e-005 1.25067642517962e-005 1.227623008981382e-005 1.205201174148129e-005 1.183388059011747e-005 1.1621618267732e-005 1.14150161123483e-005 1.12138746550805e-005 1.101800313341172e-005 1.082721904888118e-005 1.064134772832404e-005 1.04602219348493e-005 1.028368148370262e-005 1.011157290164988e-005 9.943749072149899e-006 9.780068940923314e-006 9.620397208198739e-006 9.464604048492475e-006 9.312564853036776e-006 9.164159975316721e-006 9.019274507249264e-006 8.877798028272821e-006 8.739624433484749e-006 8.604651701382693e-006 8.472781726442946e-006 8.343920129050275e-006 8.217976091184909e-006 8.094862200547226e-006 7.974494289797462e-006 7.856791299776233e-006 7.741675136951898e-006 7.629070554848738e-006 7.518905012382504e-006 7.41110857926941e-006 7.305613807240263e-006 7.202355634117197e-006 7.101271276788168e-006 7.002300145941831e-006 6.905383742594751e-006 6.810465581708058e-006 6.717491105590057e-006 6.62640760440425e-006 6.53716414555916e-006 6.449711495104538e-006 6.364002057779317e-006 6.279989813506859e-006 6.197630240123431e-006 6.116880275630621e-006 6.037698253802404e-006 5.9600438317986e-006 5.883877969292683e-006 5.809162870296092e-006 5.735861911659867e-006 5.663939637745585e-006 5.593361684042009e-006 5.52409475984561e-006 5.456106592749421e-006 5.389365898444964e-006 5.323842341642404e-006 5.259506509425194e-006 5.196329865508886e-006 5.134284727592586e-006 5.073344238493149e-006 5.013482329285779e-006 4.954673694879119e-006 4.896893771810795e-006 4.840118701388008e-006 4.78432532569073e-006 4.729491133836916e-006 4.675594266423388e-006 4.622613486660043e-006 4.570528143066355e-006 4.519318175244535e-006 4.468964073467419e-006 4.419446874681654e-006 4.370748130977375e-006 4.322849908255932e-006 4.275734751590932e-006 4.229385687448683e-006 4.183786198375117e-006 4.138920203455854e-006 4.094772058760299e-006 4.051326529808108e-006 4.00856878535194e-006 3.966484383166602e-006 3.92505926294362e-006 3.884279720534067e-006 3.844132415053991e-006 3.804604339574524e-006 3.765682830003669e-006 3.727355537552768e-006 3.689610422519252e-006 3.65243576139207e-006 3.615820109104106e-006 3.579752318128016e-006 3.54422151138678e-006 3.509217084918248e-006 3.474728687447026e-006 3.440746227934e-006 3.407259859145029e-006 3.37425997232188e-006 3.341737185191818e-006 3.309682352181653e-006 3.27808652977879e-006 3.246941005841109e-006 3.21623725385578e-006 3.185966964913689e-006 3.156122017511365e-006 3.126694477106895e-006 3.097676598340371e-006 3.069060810823032e-006 3.040839722245892e-006 3.013006105945237e-006 2.985552898682187e-006 2.9584732041954e-006 2.931760274105244e-006 2.905407514575131e-006 2.879408482314716e-006 2.853756871257218e-006 2.828446523661654e-006 2.803471408796554e-006 2.778825634930371e-006 2.754503433344269e-006 2.730499167213907e-006 2.70680732006312e-006 2.683422494431653e-006 2.660339402549283e-006 2.637552883655303e-006 2.615057871135917e-006 2.592849419613685e-006 2.570922678746257e-006 2.54927290610496e-006 2.527895456960749e-006 2.506785780731491e-006 2.485939424090589e-006 2.465352030078805e-006 2.445019319896602e-006 2.424937120437676e-006 2.405101323432746e-006 2.385507915647622e-006 2.366152966448709e-006 2.347032622918022e-006 2.328143107188652e-006 2.309480716444767e-006 2.291041827362506e-006 2.272822884119563e-006 2.254820401059732e-006 2.237030964025166e-006 2.219451228580027e-006 2.202077902246913e-006 2.184907774704925e-006 2.167937687591603e-006 2.151164541164263e-006 2.134585304069958e-006 2.118196998246447e-006 2.101996701586728e-006 2.085981549715399e-006 2.070148733768207e-006 2.054495498171605e-006 2.039019129984609e-006 2.023716979326906e-006 2.008586443391636e-006 1.993624961116325e-006 1.978830024285116e-006 1.964199172199699e-006 1.949729986350235e-006 1.935420089527184e-006 1.921267160920337e-006 1.907268909917548e-006 1.893423084986523e-006 1.879727486553406e-006 1.866179947906943e-006 1.852778342747996e-006 1.839520583857279e-006 1.826404619542643e-006 1.813428427421826e-006 1.800590039735539e-006 1.787887506932151e-006 1.775318919872149e-006 1.762882401834531e-006 1.750576105852275e-006 1.738398226702742e-006 1.726346976482773e-006 1.714420610365863e-006 1.702617407950413e-006 1.690935676368355e-006 1.679373761831471e-006 1.667930022986042e-006 1.656602857558198e-006 1.64539069213987e-006 1.634291969754287e-006 1.623305165843192e-006 1.612428781161412e-006 1.601661343109129e-006 1.591001399070535e-006 1.580447523963358e-006 1.569998314465693e-006 1.559652390348276e-006 1.549408398471286e-006 1.539265001682111e-006 1.529220887697136e-006 1.519274761996314e-006 1.509425358481309e-006 1.499671425264637e-006 1.49001173621599e-006 1.48044507097822e-006 1.470970249606296e-006 1.461586091267009e-006 1.452291455539267e-006 1.443085193564286e-006 1.433966196895398e-006 1.424933361526826e-006 1.415985610098147e-006 1.407121871466188e-006 1.39834110512993e-006 1.389642272364711e-006 1.381024356650329e-006 1.372486361450598e-006 1.36402730177565e-006 1.355646200185134e-006 1.34734210766041e-006 1.339114084064619e-006 1.330961204359937e-006 1.322882554610771e-006 1.314877232427847e-006 1.306944354517725e-006 1.299083056682804e-006 1.291292472060945e-006 1.283571755550383e-006 1.275920080701098e-006 1.26833662150716e-006 1.260820571946653e-006 1.25337113132673e-006 1.245987518050384e-006 1.238668959402389e-006 1.231414692437482e-006 1.224223967088989e-006 1.21709604039566e-006 1.210030187603905e-006 1.203025687068759e-006 1.1960818318002e-006 1.189197921469543e-006 1.182373271735315e-006 1.175607200920581e-006 1.168899045111971e-006 1.162248140396116e-006 1.155653836182324e-006 1.149115499199382e-006 1.142632493511542e-006 1.13620419073257e-006 1.1298299886775e-006 1.123509275835488e-006 1.117241452686102e-006 1.111025936140209e-006 1.104862145773211e-006 1.098749503825047e-006 1.092687449411045e-006 1.086675428307871e-006 1.080712884515833e-006 1.074799281131078e-006 1.068934086578821e-006 1.063116768840189e-006 1.057346809663073e-006 1.05162370056533e-006 1.045946931288455e-006 1.040316003564357e-006 1.0347304248981e-006 1.029189710344269e-006 1.023693380730606e-006 1.018240961325745e-006 1.012831991165086e-006 1.007466005287228e-006 1.002142545392104e-006 9.96861171831398e-007 9.916214374072752e-007 9.864229078004882e-007 9.812651495799685e-007 9.761477453018585e-007 9.710702588705544e-007 9.660322923821241e-007 9.610334261722642e-007 9.560732618929535e-007 9.5115140164026e-007 9.462674479543409e-007 9.414210171421189e-007 9.366117232900706e-007 9.318391853696539e-007 9.271030378954492e-007 9.224029038357173e-007 9.177384203695738e-007 9.131092326697399e-007 9.08514979691688e-007 9.039553146017454e-007 8.994298834608117e-007 8.949383589751392e-007 8.904803938669659e-007 8.860556532930275e-007 8.816638108477548e-007 8.773045387933109e-007 8.729775204940893e-007 8.686824339854127e-007 8.644189697371019e-007 8.601868146662639e-007 8.5598566457179e-007 8.518152192493744e-007 8.476751749419975e-007 8.435652412153161e-007 8.394851289672545e-007 8.354345388816853e-007 8.314132045050826e-007 8.274208269654082e-007 8.234571389209577e-007 8.195218663686887e-007 8.156147357496479e-007 8.117354814984878e-007 8.078838358294149e-007 8.040595367297954e-007 8.002623332892256e-007 7.964919626068934e-007 7.927481724401275e-007 7.890307229807547e-007 7.853393544365872e-007 7.816738323285222e-007 7.780339124074942e-007 7.744193566416868e-007 7.708299367692462e-007 7.672654076529284e-007 7.637255508008423e-007 7.602101348425094e-007 7.567189319601653e-007 7.532517209973832e-007 7.498082954526808e-007 7.463884212910443e-007 7.42991889346456e-007 7.396184922292548e-007 7.362680176647984e-007 7.329402555988906e-007 7.296350053032086e-007 7.263520638289833e-007 7.230912273392676e-007 7.198523008788982e-007 7.16635087272266e-007 7.134393951169216e-007 7.102650330104154e-007 7.071118015566924e-007 7.039795311136743e-007 7.00868020508949e-007 6.977770983240816e-007 6.947065775975148e-007 6.916562780290292e-007 6.886260250915655e-007 6.856156438139749e-007 6.826249570046627e-007 6.796537950215509e-007 6.76701992219364e-007 6.737693745151319e-007 6.708557811485605e-007 6.679610455861962e-007 6.650850057354774e-007 6.622275003920208e-007 6.593883745686924e-007 6.565674639524843e-007 6.53764618885333e-007 6.50979679939212e-007 6.48212502341039e-007 6.454629284391444e-007 6.42730815680892e-007 6.400160112995934e-007 6.373183687458095e-007 6.346377485755283e-007 6.319740037952215e-007 6.293269958490555e-007 6.266965804080371e-007 6.240826264658494e-007 6.214849901375885e-007 6.18903541749205e-007 6.163381387480626e-007 6.137886612300747e-007 6.112549635339803e-007 6.087369204266224e-007 6.06234409339379e-007 6.037472939368627e-007 6.012754565354328e-007 5.988187674610401e-007 5.963770997041706e-007 5.939503395779866e-007 5.915383649579553e-007 5.891410483904735e-007 5.867582775209712e-007 5.843899324453616e-007 5.820358932595582e-007 5.796960547144181e-007 5.773702969058547e-007 5.750585030384059e-007 5.72760574524267e-007 5.704763870184593e-007 5.682058357159292e-007 5.65948810926642e-007 5.637052122864361e-007 5.614749247762063e-007 5.592578493640588e-007 5.57053883465386e-007 5.548629125051718e-007 5.526848467773959e-007 5.50519581921094e-007 5.483670126871232e-007 5.462270462608387e-007 5.440995831662576e-007 5.419845230392184e-007 5.398817730650762e-007 5.37791237764651e-007 5.357128189942273e-007 5.336464283800524e-007 5.31591963781608e-007 5.2954934881555e-007 5.275184817854495e-007 5.254992747616427e-007 5.234916340413065e-007 5.214954823529183e-007 5.195107264377441e-007 5.175372739252282e-007 5.15575053761097e-007 5.136239686898136e-007 5.116839365548742e-007 5.097548747556857e-007 5.078366953625846e-007 5.059293317621893e-007 5.040326969130149e-007 5.021466971122379e-007 5.002712697432798e-007 4.984063251001203e-007 4.965517921284857e-007 4.947075891159614e-007 4.928736463405414e-007 4.910498776489192e-007 4.892362128749994e-007 4.874325814085978e-007 4.856389015372997e-007 4.838551057595453e-007 4.820811181360796e-007 4.803168707212535e-007 4.785622915726151e-007 4.768173056390879e-007 4.750818503040932e-007 4.733558509606439e-007 4.716392361103772e-007 4.699319493539633e-007 4.682339138639691e-007 4.665450630270129e-007 4.648653324501595e-007 4.63194661293187e-007 4.615329776136434e-007 4.598802174626826e-007 4.582363248850641e-007 4.566012288265142e-007 4.549748662263653e-007 4.533571766884847e-007 4.517481038135429e-007 4.501475809881583e-007 4.485555495925553e-007 4.469719447897091e-007 4.453967155093608e-007 4.438297995790208e-007 4.422711361584675e-007 4.40720664407479e-007 4.391783408053129e-007 4.376440960740524e-007 4.361178715939218e-007 4.345996225119109e-007 4.330892826587274e-007 4.315868076254503e-007 4.300921334632335e-007 4.286052184276912e-007 4.271259959054419e-007 4.256544130498696e-007 4.241904285606779e-007 4.227339847062694e-007 4.212850233109577e-007 4.198435026303571e-007 4.184093684855839e-007 4.169825666977545e-007 4.155630524138587e-007 4.14150773675459e-007 4.127456869618129e-007 4.11347734541323e-007 4.099568702287115e-007 4.085730505032359e-007 4.071962251828154e-007 4.058263463058154e-007 4.044633747923854e-007 4.031072489141252e-007 4.017579389170578e-007 4.004153932868348e-007 3.990795636177324e-007 3.977504059449188e-007 3.964278754153838e-007 3.951119365019906e-007 3.938025350258556e-007 3.924996296866823e-007 3.912031871777799e-007 3.899131533202649e-007 3.886294881461083e-007 3.87352155239995e-007 3.860811070843795e-007 3.848163014907868e-007 3.835577051525263e-007 3.823052723284093e-007 3.810589630504069e-007 3.798187395709363e-007 3.785845619219685e-007 3.77356390579564e-007 3.761341829111586e-007 3.749179056100616e-007 3.737075187082439e-007 3.725029840140337e-007 3.713042620034912e-007 3.701113162613012e-007 3.689241117044162e-007 3.677426096970748e-007 3.66566773823962e-007 3.653965663374947e-007 3.642319592600529e-007 3.630729095149832e-007 3.619193784665242e-007 3.607713452424832e-007 3.596287561080658e-007 3.584915968524172e-007 3.573598106321185e-007 3.562333867890288e-007 3.551122720324429e-007 3.539964428256326e-007 3.52885873855513e-007 3.517805109432004e-007 3.506803389896618e-007 3.495853193591358e-007 3.484954174126642e-007 3.474106109457864e-007 3.463308604345627e-007 3.452561281314104e-007 3.441863944964041e-007 3.431216311078344e-007 3.420617931126912e-007 3.410068636355845e-007 3.399568093698235e-007 3.389115907914686e-007 3.378711834756132e-007 3.368355665500644e-007 3.358047035995071e-007 3.347785630936073e-007 3.337571161665664e-007 3.327403410580132e-007 3.317282004644539e-007 3.307206752900527e-007 3.297177353367431e-007 3.287193446332992e-007 3.277254849720634e-007 3.26736123046345e-007 3.257512375398619e-007 3.247708013631723e-007 3.237947820977638e-007 3.2282315531873e-007 3.21855896157075e-007 3.208929766351787e-007 3.199343732163129e-007 3.189800557024114e-007 3.180300049976381e-007 3.170841935684621e-007 3.161425921049954e-007 3.152051766264208e-007 3.14271927592813e-007 3.13342817470641e-007 3.124178182822845e-007 3.114969122641753e-007 3.105800687741578e-007 3.096672784863586e-007 3.08758493439143e-007 3.078537083034405e-007 3.069528919930065e-007 3.060560231915588e-007 3.051630854677967e-007 3.042740464032079e-007 3.033888815728858e-007 3.02507579430511e-007 3.016301084457496e-007 3.007564539636576e-007 2.998865888947932e-007 2.990204910346961e-007 2.981581403993516e-007 2.97299513896121e-007 2.96444590208722e-007 2.955933475767836e-007 2.947457682367371e-007 2.939018313163899e-007 2.930615110585677e-007 2.922247905878805e-007 2.913916481439571e-007 2.905620628546046e-007 2.897360160680762e-007 2.889134895767143e-007 2.880944589556123e-007 2.872789015562205e-007 2.864668084967548e-007 2.856581509114164e-007 2.848529141452616e-007 2.840510768820081e-007 2.832526231344445e-007 2.824575275894858e-007 2.816657769244557e-007 2.808773444940016e-007 2.800922267454098e-007 2.793103890397219e-007 2.785318273801352e-007 2.777565151212968e-007 2.769844322791926e-007 2.762155633107e-007 2.754498926726967e-007 2.746874021575252e-007 2.739280771102415e-007 2.731718913295822e-007 2.724188279401574e-007 2.716688833892533e-007 2.709220234820009e-007 2.701782491065785e-007 2.694375274003846e-007 2.686998481493674e-007 2.679651918136017e-007 2.672335472908571e-007 2.665048950412086e-007 2.657792186333552e-007 2.650564994155502e-007 2.643367298382771e-007 2.636198805916479e-007 2.629059507874842e-007 2.621949115599875e-007 2.614867562478196e-007 2.607814622024307e-007 2.60079027647464e-007 2.593794179439612e-007 2.586826299832978e-007 2.579886477782622e-007 2.572974509007508e-007 2.566090286926226e-007 2.559233691634688e-007 2.552404518851858e-007 2.54560260426473e-007 2.538827925668841e-007 2.532080216610666e-007 2.525359357186119e-007 2.518665209727544e-007 2.511997694298884e-007 2.505356624382671e-007 2.498741804579652e-007 2.492153123867524e-007 2.485590502310231e-007 2.479053793358332e-007 2.47254289487131e-007 2.466057464900473e-007 2.459597623349907e-007 2.453163099325195e-007 2.446753777363142e-007 2.44036957752769e-007 2.434010295537803e-007 2.427675851457423e-007 2.421366089855326e-007 2.41508089970921e-007 2.408820201083017e-007 2.402583727523222e-007 2.39637155452499e-007 2.390183340139629e-007 2.384019124335168e-007 2.377878689507895e-007 2.371761986807996e-007 2.36566882083622e-007 2.359599147183644e-007 2.353552734923881e-007 2.34752956629336e-007 2.34152957023781e-007 2.335552355958725e-007 2.329598149941603e-007 2.323666645764888e-007 2.317757767933415e-007 2.31187142318845e-007 2.306007464980553e-007 2.300165764523854e-007 2.294346219677834e-007 2.288548817119818e-007 2.282773277073602e-007 2.277019572893835e-007 2.271287633526242e-007 2.265577250248896e-007 2.259888471911609e-007 2.254221032060855e-007 2.248574904051281e-007 2.242949932451666e-007 2.237346037325949e-007 2.231763205351456e-007 2.226201116783955e-007 2.220659918172885e-007 2.215139276451339e-007 2.209639311523404e-007 2.204159690322172e-007 2.198700483901916e-007 2.193261519067846e-007 2.187842720324795e-007 2.182443954446001e-007 2.17706519478611e-007 2.171706277032115e-007 2.166367099043498e-007 2.161047580884201e-007 2.155747660381735e-007 2.150467195427552e-007 2.145206097203811e-007 2.139964312419806e-007 2.134741694526099e-007 2.129538185791091e-007 2.124353661869804e-007 2.119188144966699e-007 2.114041302014869e-007 2.108913284004643e-007 2.103803820041605e-007 2.098712990061813e-007 2.093640567579769e-007 2.088586490422983e-007 2.083550745268781e-007 2.078533150040585e-007 2.073533669211258e-007 2.068552253930989e-007 2.063588673273387e-007 2.058642989410941e-007 2.053715104644027e-007 2.048804814691607e-007 2.043912163962602e-007 2.039036997025789e-007 2.034179287235816e-007 2.029338839193429e-007 2.02451571951201e-007 2.019709723910523e-007 2.014920807980047e-007 2.010148989484151e-007 2.00539405081912e-007 2.000655969780496e-007 1.995934644227759e-007 1.99123005195645e-007 1.986542041976236e-007 1.981870556555521e-007 1.977215560167167e-007 1.972576884057275e-007 1.967954617043688e-007 1.963348537081799e-007 1.95875855979466e-007 1.95418470738673e-007 1.949626851072139e-007 1.945084928678398e-007 1.940558851387664e-007 1.936048539263879e-007 1.931553934575447e-007 1.927074988472555e-007 1.922611594373791e-007 1.918163619052393e-007 1.913731191294232e-007 1.909313973591509e-007 1.904912152461691e-007 1.900525483655713e-007 1.896153878355733e-007 1.891797425379593e-007 1.887455955973394e-007 1.88312943905089e-007 1.878817772471564e-007 1.874520858535789e-007 1.870238635071075e-007 1.865971168690805e-007 1.861718237350374e-007 1.857479832167996e-007 1.853255913175644e-007 1.849046369351015e-007 1.844851102994483e-007 1.840670158514968e-007 1.836503398244815e-007 1.832350760011536e-007 1.828212194965317e-007 1.824087609847425e-007 1.819977035744103e-007 1.815880286137883e-007 1.811797396555903e-007 1.807728202685155e-007 1.803672731170991e-007 1.799630875432001e-007 1.79560258217748e-007 1.791587802557615e-007 1.787586514367945e-007 1.783598602145275e-007 1.779624034803362e-007 1.77566269687901e-007 1.771714592813112e-007 1.767779629346933e-007 1.763857730985308e-007 1.759948933255373e-007 1.75605308960769e-007 1.752170173396905e-007 1.74830012245053e-007 1.744442879036967e-007 1.740598363220158e-007 1.73676650394583e-007 1.732947376709149e-007 1.729140799433537e-007 1.72534675879632e-007 1.721565174861439e-007 1.717795972133729e-007 1.714039181699434e-007 1.710294741386065e-007 1.706562491321506e-007 1.702842467032895e-007 1.699134566379712e-007 1.695438824889095e-007 1.691755082688928e-007 1.688083348660996e-007 1.684423525105672e-007 1.680775647550092e-007 1.677139578326603e-007 1.673515281908067e-007 1.669902740530915e-007 1.666301803204817e-007 1.662712629801888e-007 1.659134962750386e-007 1.655568828695664e-007 1.652014205433261e-007 1.648471021908904e-007 1.644939211509211e-007 1.641418787556859e-007 1.637909572416163e-007 1.634411668227642e-007 1.630924906237396e-007 1.62744929532721e-007 1.623984831056191e-007 1.620531384638468e-007 1.617088885019768e-007 1.613657416577041e-007 1.610236854965308e-007 1.606827080280482e-007 1.60342821242665e-007 1.600040122617941e-007 1.596662713154728e-007 1.593295984037013e-007 1.589939939705687e-007 1.586594455815771e-007 1.583259536808157e-007 1.579935098305896e-007 1.576621144749879e-007 1.573317551795128e-007 1.570024403818593e-007 1.56674156759351e-007 1.563468989829175e-007 1.560206688289156e-007 1.556954538628474e-007 1.553712558610698e-007 1.550480681622446e-007 1.547258898781934e-007 1.544047183443809e-007 1.54084542902666e-007 1.537653648853166e-007 1.534471754105482e-007 1.531299731460933e-007 1.528137509865246e-007 1.52498506711396e-007 1.52184239432529e-007 1.518709398240503e-007 1.515586078859599e-007 1.512472391773656e-007 1.509368328100891e-007 1.506273772378108e-007 1.50318868463728e-007 1.500113127050895e-007 1.497047010801111e-007 1.493990238188303e-007 1.490942858062283e-007 1.487904732755396e-007 1.484875946644593e-007 1.481856357621325e-007 1.47884597900827e-007 1.475844801923643e-007 1.472852662054436e-007 1.469869710390981e-007 1.466895738211349e-007 1.463930847656059e-007 1.46097486997121e-007 1.458027907297321e-007 1.455089830848522e-007 1.452160591774998e-007 1.449240238926564e-007 1.446328612431103e-007 1.443425823310918e-007 1.440531707253001e-007 1.437646330870734e-007 1.434769631991628e-007 1.431901504034272e-007


# name: exactSolution
# type: scalar
2.718281828459045


# name: f
# type: function handle
@<anonymous>
@(x) exp (x) + 1


# name: frunge
# type: function handle
@<anonymous>
@(x) 1 ./ (1 + 25 * x .^ 2)


# name: n
# type: scalar
1000


# name: pSimpson
# type: matrix
# rows: 1
# columns: 3
 0 0.5 1


# name: pTrapez
# type: matrix
# rows: 1
# columns: 2
 0 1


# name: wSimpson
# type: matrix
# rows: 1
# columns: 3
 0.1666666666666667 0.6666666666666666 0.1666666666666667


# name: wTrapez
# type: matrix
# rows: 1
# columns: 2
 0.5 0.5


