# Created by Octave 4.2.2, Sat May 05 18:11:46 2018 GMT <unknown@unknown>
# name: ans
# type: scalar
101


# name: delta
# type: matrix
# rows: 101
# columns: 1
 -1
 -0.98
 -0.96
 -0.9399999999999999
 -0.92
 -0.9
 -0.88
 -0.86
 -0.84
 -0.8200000000000001
 -0.8
 -0.78
 -0.76
 -0.74
 -0.72
 -0.7
 -0.6799999999999999
 -0.6599999999999999
 -0.64
 -0.62
 -0.6
 -0.5800000000000001
 -0.5600000000000001
 -0.54
 -0.52
 -0.5
 -0.48
 -0.46
 -0.4399999999999999
 -0.42
 -0.4
 -0.38
 -0.36
 -0.34
 -0.32
 -0.3
 -0.28
 -0.26
 -0.24
 -0.22
 -0.2
 -0.18
 -0.16
 -0.14
 -0.12
 -0.09999999999999998
 -0.07999999999999996
 -0.06000000000000005
 -0.04000000000000004
 -0.02000000000000002
 0
 0.02000000000000002
 0.04000000000000004
 0.06000000000000005
 0.08000000000000007
 0.1000000000000001
 0.1200000000000001
 0.1399999999999999
 0.1599999999999999
 0.1799999999999999
 0.2
 0.22
 0.24
 0.26
 0.28
 0.3
 0.3200000000000001
 0.3400000000000001
 0.3600000000000001
 0.3799999999999999
 0.3999999999999999
 0.4199999999999999
 0.4399999999999999
 0.46
 0.48
 0.5
 0.52
 0.54
 0.5600000000000001
 0.5800000000000001
 0.6000000000000001
 0.6200000000000001
 0.6399999999999999
 0.6599999999999999
 0.6799999999999999
 0.7
 0.72
 0.74
 0.76
 0.78
 0.8
 0.8200000000000001
 0.8400000000000001
 0.8600000000000001
 0.8799999999999999
 0.8999999999999999
 0.9199999999999999
 0.9399999999999999
 0.96
 0.98
 1


# name: fcheby
# type: matrix
# rows: 13
# columns: 1
 0.03900646976928903
 0.04375145187416425
 0.05576448311487456
 0.08337994621961037
 0.1562697616332895
 0.4112180820229031
 1
 0.4112180820229042
 0.1562697616332896
 0.08337994621961044
 0.05576448311487456
 0.04375145187416427
 0.03900646976928903


# name: fequi
# type: matrix
# rows: 13
# columns: 1
 0.03846153846153846
 0.05446293494704992
 0.08256880733944953
 0.1379310344827586
 0.2647058823529412
 0.5901639344262296
 1
 0.5901639344262293
 0.2647058823529412
 0.1379310344827586
 0.08256880733944953
 0.05446293494704994
 0.03846153846153846


# name: filename
# type: sq_string
# elements: 1
# length: 10
PA2-1-N_12


# name: flin
# type: matrix
# rows: 1
# columns: 300
 0.03846153846153846 0.03896103330128745 0.03947018709719005 0.03998924685971625 0.04051846742197562 0.0410581117337627 0.04160845116832804 0.04216976584249438 0.04274234495077035 0.04332648711414899 0.04392250074431592 0.04453070442403116 0.04515142730448993 0.04578500952051237 0.04643180262445817 0.04709217003981193 0.0477664875354371 0.04845514372155189 0.04915854056853911 0.04987709394976417 0.0506112342096414 0.05136140675825824 0.05212807269394167 0.05291170945522856 0.05371281150378569 0.05453189103991275 0.05536947875235503 0.05622612460425176 0.05710239865715055 0.05799889193513019 0.0589162173311911 0.05985501055819864 0.06081593114679604 0.06179966349284471 0.06280691795709788 0.06383843201997105 0.06489497149444044 0.06597733180027543 0.06708633930300026 0.06822285272117619 0.06938776460580585 0.07058200289588244 0.07180653255434023 0.07306235728891018 0.07435052136264519 0.07567211149915441 0.07702825888787602 0.07842014129502309 0.07984898528615807 0.08131606856668844 0.08282272244693012 0.0843703344387548 0.08596035099122522 0.08759428037302597 0.08927369570991765 0.09100023818587862 0.09277562041704975 0.09460163000806326 0.09648013330081393 0.09841307932621919 0.1004025039700098 0.1024505343640918 0.1045593935155188 0.1067314051856079 0.1089689990322101 0.1112747160286075 0.113651214172936 0.1161012745024194 0.1186278074270261 0.1212338593974174 0.1239226199222096 0.1266974289496136 0.1295617846284053 0.1325193514628846 0.1355739688759618 0.1387296601937228 0.1419906420637013 0.1453613343175736 0.1488463702870005 0.1524506075787908 0.1561791393123303 0.1600373058182039 0.1640307067919695 0.1681652138909684 0.1724469837546728 0.1768824714201485 0.1814784440934908 0.1862419952252586 0.1911805588226488 0.1963019239129957 0.201614249051702 0.207126076742365 0.2128463476070529 0.2187844141097239 0.2249500535948831 0.2313534803558767 0.2380053563917301 0.2449168004470914 0.2520993948554252 0.2595651896198313 0.2673267030673452 0.2753969182998281 0.28378927453607 0.2925176522939802 0.3015963511972634 0.3110400590064921 0.3208638102689627 0.3310829327546236 0.341712979596829 0.3527696447878275 0.3642686593922403 0.3762256655416493 0.3886560649665689 0.4015748385184119 0.4149963328474742 0.4289340101522841 0.4434001567258191 0.4584055459272097 0.4739590512442612 0.4900672053325733 0.5067337013818826 0.5239588339409 0.5417388775102104 0.5600654028792302 0.5789245334334893 0.5982961465876087 0.618153029192538 0.6384600002856612 0.6591730199224337 0.6802383090103936 0.7015915119363394 0.7231569410965331 0.7448469498275373 0.7665614871469482 0.7881878934283143 0.809600999764548 0.8306635942987752 0.8512273151410126 0.8711340206185565 0.8902176727142371 0.9083067482169342 0.9252271645312857 0.9408056742365248 0.9548736462093863 0.9672711141886482 0.9778509395576751 0.9864829077748107 0.9930575611490016 0.9974895677593556 0.9997204392458569 0.9997204392458569 0.9974895677593556 0.9930575611490016 0.9864829077748107 0.9778509395576751 0.9672711141886482 0.9548736462093863 0.9408056742365248 0.9252271645312857 0.9083067482169347 0.8902176727142375 0.8711340206185568 0.8512273151410128 0.8306635942987755 0.8096009997645484 0.7881878934283147 0.7665614871469487 0.7448469498275376 0.7231569410965333 0.7015915119363398 0.6802383090103941 0.659173019922434 0.6384600002856615 0.6181530291925383 0.598296146587609 0.5789245334334895 0.5600654028792305 0.5417388775102109 0.5239588339409004 0.5067337013818829 0.490067205332573 0.4739590512442609 0.4584055459272095 0.443400156725819 0.4289340101522841 0.4149963328474742 0.4015748385184119 0.3886560649665689 0.3762256655416493 0.3642686593922403 0.3527696447878275 0.341712979596829 0.3310829327546236 0.3208638102689627 0.3110400590064921 0.3015963511972634 0.2925176522939802 0.28378927453607 0.2753969182998281 0.2673267030673452 0.2595651896198313 0.2520993948554252 0.2449168004470914 0.2380053563917301 0.2313534803558767 0.2249500535948831 0.2187844141097239 0.2128463476070529 0.207126076742365 0.201614249051702 0.1963019239129958 0.1911805588226489 0.1862419952252587 0.1814784440934908 0.1768824714201486 0.1724469837546729 0.1681652138909685 0.1640307067919696 0.160037305818204 0.1561791393123304 0.1524506075787909 0.1488463702870006 0.1453613343175736 0.1419906420637013 0.1387296601937228 0.1355739688759619 0.1325193514628847 0.1295617846284053 0.1266974289496136 0.1239226199222097 0.1212338593974176 0.1186278074270261 0.1161012745024194 0.113651214172936 0.1112747160286075 0.1089689990322101 0.1067314051856079 0.1045593935155188 0.1024505343640918 0.1004025039700098 0.09841307932621919 0.09648013330081393 0.09460163000806326 0.09277562041704975 0.09100023818587862 0.08927369570991765 0.08759428037302597 0.08596035099122522 0.0843703344387548 0.08282272244693012 0.08131606856668844 0.07984898528615807 0.07842014129502309 0.07702825888787602 0.07567211149915441 0.07435052136264519 0.07306235728891018 0.07180653255434023 0.07058200289588244 0.06938776460580585 0.06822285272117619 0.06708633930300026 0.06597733180027543 0.06489497149444044 0.06383843201997108 0.06280691795709789 0.06179966349284474 0.06081593114679605 0.05985501055819864 0.05891621733119112 0.05799889193513022 0.05710239865715057 0.05622612460425178 0.05536947875235505 0.05453189103991277 0.0537128115037857 0.05291170945522856 0.05212807269394169 0.05136140675825825 0.05061123420964141 0.04987709394976419 0.04915854056853912 0.04845514372155188 0.04776648753543709 0.04709217003981192 0.04643180262445817 0.04578500952051237 0.04515142730448993 0.04453070442403116 0.04392250074431592 0.04332648711414899 0.04274234495077035 0.04216976584249438 0.04160845116832804 0.0410581117337627 0.04051846742197562 0.03998924685971625 0.03947018709719005 0.03896103330128745 0.03846153846153846


# name: i
# type: scalar
2


# name: interpolationcheby
# type: matrix
# rows: 1
# columns: 300
 0.06768571788809533 0.04091032063492711 0.02380240270613593 0.01434231601535332 0.01079874180277517 0.01169871722858501 0.01580000185017594 0.02206564537012378 0.02964062424056677 0.03783042070334721 0.04608142363976279 0.0539630362033419 0.06115138061797749 0.06741449574568763 0.07259892807139329 0.07661762161399274 0.079439016967943 0.08107727419804309 0.08158353867323689 0.08103817312031016 0.07954388322245436 0.07721966797712827 0.07419552976943286 0.0706078827149455 0.06659560128294681 0.06229665453083431 0.05784527446809994 0.05336961012498561 0.04898982183342362 0.04481657303651027 0.04094987963260418 0.03747827943607258 0.03447828679707542 0.03201409977751629 0.03013752952716658 0.02888812364872891 0.02829345738569301 0.02836956841587392 0.0291215128881643 0.03054402210476934 0.03262224092779609 0.03533253058075594 0.03864332002517625 0.04251599152253221 0.04690578734492273 0.05176272587706512 0.0570325165592102 0.06265746425915902 0.06857735473268686 0.07473031383872172 0.08105363412114561 0.08748456325386013 0.09396104967431676 0.1004224415030681 0.1068101355665037 0.1130681740088672 0.1191437865988285 0.1249878774090559 0.1305554550747653 0.1358060063219172 0.1407038128993396 0.1452182124531476 0.1493238042483164 0.1530006009731384 0.1562341281586438 0.1590154730092931 0.1613412846742537 0.163213728192534 0.1646403945210551 0.1656341692046223 0.1662130623713702 0.1664000028387189 0.1662225991938889 0.1657128707715596 0.1649069514899681 0.1638447695274851 0.1625697058250796 0.1611282343878658 0.1595695473315949 0.1579451675794241 0.1563085520606647 0.1547146881983455 0.1532196863969023 0.1518803711560186 0.1507538733428805 0.1498972260532531 0.1493669663832695 0.1492187453189205 0.1495069478300719 0.1502843251312222 0.1516016409424236 0.153507333452251 0.1560471945502899 0.1592640677606008 0.1631975661702789 0.1678838115091885 0.1733551953988697 0.1796401636509135 0.1867630243582998 0.1947437803877965 0.2035979867479624 0.2133366331759074 0.2239660521573272 0.2354878524686037 0.2478988782074242 0.2611911931597012 0.2753520902358874 0.2903641255992678 0.3062051770028772 0.3228485257504043 0.3402629616001094 0.3584129098395762 0.377258579673156 0.3967561329834557 0.4168578724532318 0.4375124479647627 0.4586650801301801 0.480257799748494 0.5022297019331609 0.5245172136080553 0.5470543730296394 0.5697731199589885 0.5926035950790975 0.6154744472305353 0.6383131470220089 0.6610463053616579 0.6835999954498642 0.7059000767749692 0.7278725196593782 0.7494437289150914 0.7705408651844826 0.7910921625641406 0.8110272411365563 0.8302774130662787 0.8487759809536776 0.8664585271805014 0.8832631930267612 0.8991309463879936 0.9140058369753767 0.9278352379383319 0.9405700729099246 0.9521650275393212 0.9625787446425819 0.9717740021729037 0.9797178732838465 0.98638186783384 0.9917420547571145 0.9957791648048853 0.998478673240889 0.9998308621569564 0.9998308621569565 0.9984786732408889 0.9957791648048852 0.9917420547571143 0.9863818678338401 0.9797178732838464 0.9717740021729038 0.9625787446425818 0.9521650275393213 0.940570072909925 0.9278352379383322 0.9140058369753772 0.8991309463879942 0.8832631930267614 0.8664585271805019 0.8487759809536783 0.8302774130662792 0.8110272411365571 0.7910921625641413 0.7705408651844834 0.7494437289150923 0.7278725196593789 0.7059000767749698 0.6835999954498652 0.6610463053616584 0.6383131470220098 0.6154744472305362 0.5926035950790985 0.5697731199589894 0.5470543730296399 0.5245172136080551 0.5022297019331607 0.4802577997484938 0.4586650801301804 0.437512447964763 0.416857872453232 0.3967561329834559 0.3772585796731561 0.3584129098395758 0.3402629616001094 0.3228485257504045 0.3062051770028775 0.2903641255992675 0.2753520902358873 0.2611911931597011 0.2478988782074237 0.2354878524686037 0.2239660521573265 0.2133366331759065 0.2035979867479621 0.1947437803877962 0.1867630243582988 0.1796401636509133 0.1733551953988688 0.1678838115091873 0.1631975661702781 0.1592640677606 0.156047194550289 0.1535073334522506 0.1516016409424225 0.1502843251312213 0.1495069478300722 0.1492187453189182 0.1493669663832692 0.1498972260532516 0.1507538733428804 0.1518803711560189 0.1532196863968998 0.1547146881983437 0.156308552060662 0.1579451675794225 0.1595695473315927 0.1611282343878652 0.1625697058250808 0.1638447695274813 0.1649069514899661 0.1657128707715582 0.1662225991938887 0.1664000028387162 0.1662130623713679 0.1656341692046193 0.1646403945210533 0.1632137281925287 0.161341284674247 0.1590154730092853 0.1562341281586408 0.1530006009731347 0.1493238042483109 0.145218212453139 0.1407038128993326 0.1358060063219085 0.1305554550747582 0.124987877409048 0.1191437865988184 0.1130681740088596 0.1068101355664965 0.1004224415030582 0.0939610496743139 0.08748456325385214 0.08105363412113811 0.07473031383871362 0.06857735473267215 0.06265746425915181 0.05703251655919815 0.05176272587705695 0.04690578734491549 0.04251599152251585 0.03864332002516343 0.03533253058074327 0.03262224092778206 0.03054402210475112 0.02912151288814078 0.02836956841584935 0.02829345738566733 0.02888812364870329 0.0301375295271456 0.03201409977749087 0.03447828679705752 0.03747827943605531 0.04094987963256957 0.044816573036466 0.04898982183340909 0.0533696101249496 0.0578452744680677 0.06229665453080719 0.06659560128290916 0.07060788271491622 0.07419552976939323 0.07721966797707969 0.07954388322239406 0.08103817312025126 0.08158353867319418 0.08107727419800018 0.07943901696788536 0.07661762161394151 0.07259892807130691 0.06741449574566563 0.0611513806179196 0.05396303620328526 0.04608142363968813 0.03783042070329219 0.02964062424049703 0.0220656453700178 0.01580000185005659 0.01169871722846414 0.01079874180263561 0.01434231601520483 0.02380240270598959 0.04091032063475544 0.06768571788793448


# name: interpolationequi
# type: matrix
# rows: 1
# columns: 300
 0.03846153846153846 -1.10357793074719 -1.982576510603367 -2.63635179174652 -3.098675608527512 -3.399613037282256 -3.565838793497178 -3.620932224671304 -3.585652046110686 -3.478191918877863 -3.31441792262738 -3.108088931053738 -2.871060854126087 -2.613475669151584 -2.343936121963083 -2.069666940134722 -1.796663362058509 -1.529827748934978 -1.273095011210387 -1.029547546700749 -0.8015203545496653 -0.5906969572424383 -0.3981967321142875 -0.224654224116898 -0.07029098301676932 0.06501955933690151 0.181693682545132 0.2803849783704743 0.3619375195373187 0.4273441811164165 0.4777097216507951 0.5142182529445938 0.5381047483278391 0.5506302592531021 0.5530605292981814 0.5466477130659111 0.5326149251108934 0.5121433609060687 0.4863617480117156 0.4563379010475667 0.4230721688166119 0.3874925760078441 0.3504514753352886 0.3127235387723823 0.2750049287339174 0.2379135016618294 0.2019899075051121 0.1676994590667926 0.1354346551404916 0.1055182507935771 0.07820677709086402 0.0536944210094172 0.03211718428814769 0.01355724750202338 -0.001952527234000377 -0.01442401482600632 -0.02390922062117496 -0.03049569636487903 -0.03430202082649549 -0.03547338203463339 -0.0341772932127338 -0.03059946998372887 -0.02493989220421945 -0.01740906988131626 -0.008224529006100011 0.002392470205904912 0.01421997325694261 0.02703812291012885 0.04063169834011872 0.05479240025771116 0.06932088251665389 0.08402853264566648 0.09873900548669375 0.1132895156717398 0.1275318960451038 0.1413334303450027 0.1545774695076485 0.1671638418568475 0.1790090682018155 0.1900463934935961 0.2002256471944211 0.2095129449024871 0.2178902440546015 0.2253547667084111 0.2319183024916181 0.2376064048046493 0.2424574932823577 0.2465218753659442 0.2498606996146022 0.2525448531034027 0.2546538149153862 0.2562744773472614 0.2574999460148283 0.2584283295713329 0.2591615292443264 0.2598040378588776 0.2604617574516753 0.2612408439958875 0.2622465871547036 0.2635823323661162 0.2653484519364006 0.2676413711883848 0.270552655076284 0.2741681600447158 0.2785672552784544 0.2838221168642879 0.2899970977696107 0.2971481759365316 0.3053224821975764 0.3145579091416048 0.3248828014982942 0.3363157280682555 0.3488653347051726 0.3625302773577991 0.3772992337045422 0.3931509914629305 0.4100546110315683 0.4279696597241648 0.4468465144847085 0.4666267296304987 0.4872434658561479 0.5086219764472258 0.5306801463973062 0.5533290798969643 0.5764737314679207 0.6000135758499829 0.6238433116126498 0.6478535933569746 0.6719317872962851 0.6959627449562042 0.7198295897146751 0.7434145109107881 0.7665995602865131 0.7892674455872467 0.8113023162346041 0.8325905360972677 0.8530214385220241 0.8724880589464082 0.890887840595558 0.9081233089679041 0.9241027110359875 0.9387406153288425 0.9519584693197388 0.9636851108163762 0.9738572303385091 0.9824197817691347 0.9893263388783635 0.9945393956425224 0.9980306086134545 0.9997809799329109 0.999780979932911 0.9980306086134545 0.9945393956425226 0.9893263388783635 0.9824197817691347 0.973857230338509 0.9636851108163761 0.9519584693197388 0.9387406153288426 0.9241027110359878 0.9081233089679044 0.890887840595558 0.8724880589464085 0.8530214385220243 0.8325905360972681 0.8113023162346044 0.7892674455872469 0.7665995602865135 0.7434145109107885 0.7198295897146755 0.6959627449562048 0.6719317872962853 0.6478535933569749 0.6238433116126502 0.6000135758499833 0.5764737314679209 0.5533290798969651 0.5306801463973069 0.5086219764472262 0.4872434658561483 0.4666267296304983 0.4468465144847086 0.4279696597241648 0.4100546110315683 0.3931509914629308 0.377299233704542 0.3625302773577989 0.3488653347051722 0.3363157280682555 0.3248828014982941 0.3145579091416046 0.3053224821975765 0.2971481759365315 0.2899970977696116 0.2838221168642876 0.2785672552784554 0.2741681600447157 0.2705526550762839 0.2676413711883857 0.2653484519364014 0.2635823323661177 0.2622465871547045 0.2612408439958885 0.2604617574516745 0.2598040378588776 0.2591615292443278 0.2584283295713337 0.257499946014828 0.2562744773472609 0.2546538149153886 0.252544853103404 0.2498606996146032 0.2465218753659452 0.2424574932823619 0.2376064048046534 0.2319183024916203 0.2253547667084138 0.2178902440546016 0.2095129449024891 0.2002256471944252 0.190046393493599 0.1790090682018199 0.16716384185685 0.1545774695076547 0.1413334303450116 0.1275318960451095 0.1132895156717445 0.09873900548670053 0.08402853264567364 0.06932088251665822 0.05479240025771716 0.04063169834012545 0.02703812291014111 0.01421997325695564 0.002392470205914259 -0.00822452900608716 -0.01740906988130165 -0.02493989220419671 -0.03059946998370748 -0.03417729321272622 -0.03547338203462209 -0.03430202082646684 -0.03049569636485835 -0.0239092206211628 -0.01442401482597946 -0.001952527233967653 0.01355724750205829 0.03211718428817586 0.05369442100943262 0.07820677709090806 0.1055182507935983 0.1354346551405347 0.1676994590668522 0.201989907505152 0.2379135016618729 0.2750049287339357 0.3127235387724108 0.350451475335344 0.3874925760079274 0.4230721688166973 0.4563379010476181 0.4863617480117767 0.5121433609061494 0.5326149251109842 0.5466477130660063 0.5530605292982976 0.5506302592532134 0.5381047483279744 0.514218252944741 0.4777097216509723 0.4273441811165291 0.3619375195374437 0.2803849783706507 0.1816936825453143 0.06501955933712752 -0.07029098301660605 -0.2246542241167025 -0.3981967321140576 -0.5906969572422037 -0.8015203545493953 -1.02954754670057 -1.273095011210224 -1.529827748934642 -1.796663362058179 -2.069666940134505 -2.34393612196277 -2.613475669151314 -2.871060854125734 -3.108088931053389 -3.314417922627067 -3.478191918877456 -3.58565204611021 -3.620932224670814 -3.565838793496727 -3.399613037281719 -3.098675608526987 -2.636351791746195 -1.982576510602803 -1.103577930746765 0.03846153846204425


# name: j
# type: scalar
13


# name: k
# type: scalar
101


# name: m
# type: scalar
100


# name: n
# type: matrix
# rows: 1
# columns: 3
 7 12 17


# name: newtoncoefficientscheby
# type: matrix
# rows: 1
# columns: 13
 0.03900646976928903 -0.08224589499025181 0.1471928940259157 -0.2845307836556313 0.6786559933056943 -1.986896718744701 -5.079012129713612 7.930438962068488 41.65506899586597 81.39979113641652 110.5721755049238 123.5826538291599 124.4903284877386


# name: newtoncoefficientsequi
# type: matrix
# rows: 1
# columns: 13
 0.03846153846153846 0.09600837891306874 0.217880566323987 0.5454676383847659 1.566236905124912 3.506323487867473 -24.54624142867468 8.626968446237013 133.8932462132396 -414.498874565299 721.8346254624963 -909.875578314071 909.8755783140709


# name: runge
# type: function handle
@<anonymous>
@(x) 1 ./ (1 + 25 .* x .^ 2)


# name: temp
# type: matrix
# rows: 101
# columns: 1
 0.01506693402270219
 0.0004993006497218122
 0.01049222662745734
 0.01590045171925746
 0.01762108227185591
 0.01646402602326452
 0.01315619035584426
 0.008345574024246294
 0.00260525009699971
 0.00356276254909408
 0.009723742317909505
 0.01550662626786391
 0.02060049414536071
 0.02475118025340001
 0.02775801928316918
 0.02947073336657481
 0.02978646894546967
 0.02864699362992997
 0.02603606506454108
 0.02197698596485591
 0.01653036194044452
 0.009792081476802272
 0.001891540449832627
 0.007009863342010397
 0.01671993719505024
 0.0270165713510504
 0.03764825622077467
 0.04833420979103303
 0.0587640937505792
 0.06859731400545438
 0.07746193412645824
 0.08495328884795339
 0.09063248447166847
 0.09402513740050322
 0.09462096573808576
 0.09187526117626132
 0.08521389463651674
 0.07404442614559376
 0.05777716413922274
 0.03586165062263513
 0.007845837098218844
 0.02653348414587098
 0.06722110607220655
 0.1136722324600954
 0.164651521343382
 0.2180411631916062
 0.2707353261339166
 0.31873343666122
 0.3575415657682033
 0.3829069614670986
 0.3917402845902281
 0.3829069614670986
 0.3575415657682034
 0.3187334366612202
 0.2707353261339166
 0.2180411631916063
 0.164651521343382
 0.1136722324600961
 0.06722110607220733
 0.02653348414587164
 0.007845837098218622
 0.0358616506226348
 0.05777716413922229
 0.07404442614559337
 0.08521389463651657
 0.09187526117626105
 0.09462096573808548
 0.09402513740050306
 0.09063248447166811
 0.08495328884795308
 0.07746193412645802
 0.06859731400545416
 0.05876409375057917
 0.04833420979103339
 0.03764825622077417
 0.02701657135105023
 0.01671993719504999
 0.007009863342010703
 0.001891540449832599
 0.009792081476801842
 0.01653036194044441
 0.02197698596485528
 0.02603606506454116
 0.02864699362992908
 0.02978646894546984
 0.02947073336657381
 0.02775801928316847
 0.02475118025339989
 0.0206004941453603
 0.01550662626786427
 0.009723742317908457
 0.003562762549091783
 0.002605250097000425
 0.008345574024245482
 0.0131561903558448
 0.01646402602326465
 0.01762108227185607
 0.01590045171925908
 0.01049222662745793
 0.0004993006497222494
 0.01506693402270106


# name: xcheby
# type: matrix
# rows: 13
# columns: 1
 0.992708874098054
 0.9350162426854148
 0.8229838658936564
 0.6631226582407953
 0.4647231720437686
 0.239315664287558
 -1.608142872339124e-016
 -0.2393156642875575
 -0.4647231720437685
 -0.663122658240795
 -0.8229838658936564
 -0.9350162426854147
 -0.992708874098054


# name: xequi
# type: matrix
# rows: 13
# columns: 1
 -1
 -0.8333333333333334
 -0.6666666666666667
 -0.5
 -0.3333333333333334
 -0.1666666666666666
 0
 0.1666666666666667
 0.3333333333333333
 0.5
 0.6666666666666667
 0.8333333333333333
 1


# name: xlin
# type: matrix
# rows: 1
# columns: 300
 -1 -0.9933110367892977 -0.9866220735785953 -0.979933110367893 -0.9732441471571907 -0.9665551839464883 -0.959866220735786 -0.9531772575250836 -0.9464882943143813 -0.939799331103679 -0.9331103678929766 -0.9264214046822743 -0.919732441471572 -0.9130434782608696 -0.9063545150501673 -0.8996655518394648 -0.8929765886287625 -0.8862876254180602 -0.8795986622073578 -0.8729096989966555 -0.8662207357859532 -0.8595317725752508 -0.8528428093645485 -0.8461538461538461 -0.8394648829431438 -0.8327759197324415 -0.8260869565217391 -0.8193979933110368 -0.8127090301003345 -0.8060200668896321 -0.7993311036789298 -0.7926421404682275 -0.7859531772575251 -0.7792642140468228 -0.7725752508361204 -0.7658862876254181 -0.7591973244147157 -0.7525083612040133 -0.745819397993311 -0.7391304347826086 -0.7324414715719063 -0.725752508361204 -0.7190635451505016 -0.7123745819397993 -0.705685618729097 -0.6989966555183946 -0.6923076923076923 -0.68561872909699 -0.6789297658862876 -0.6722408026755853 -0.6655518394648829 -0.6588628762541806 -0.6521739130434783 -0.6454849498327759 -0.6387959866220736 -0.6321070234113713 -0.6254180602006689 -0.6187290969899666 -0.6120401337792643 -0.6053511705685619 -0.5986622073578596 -0.5919732441471572 -0.5852842809364549 -0.5785953177257526 -0.5719063545150502 -0.5652173913043479 -0.5585284280936456 -0.5518394648829432 -0.5451505016722409 -0.5384615384615385 -0.5317725752508362 -0.5250836120401338 -0.5183946488294314 -0.5117056856187291 -0.5050167224080268 -0.4983277591973244 -0.4916387959866221 -0.4849498327759197 -0.4782608695652174 -0.4715719063545151 -0.4648829431438127 -0.4581939799331104 -0.4515050167224081 -0.4448160535117057 -0.4381270903010034 -0.431438127090301 -0.4247491638795987 -0.4180602006688964 -0.411371237458194 -0.4046822742474917 -0.3979933110367893 -0.3913043478260869 -0.3846153846153846 -0.3779264214046822 -0.3712374581939799 -0.3645484949832776 -0.3578595317725752 -0.3511705685618729 -0.3444816053511706 -0.3377926421404682 -0.3311036789297659 -0.3244147157190636 -0.3177257525083612 -0.3110367892976589 -0.3043478260869565 -0.2976588628762542 -0.2909698996655519 -0.2842809364548495 -0.2775919732441472 -0.2709030100334449 -0.2642140468227425 -0.2575250836120402 -0.2508361204013378 -0.2441471571906355 -0.2374581939799332 -0.2307692307692308 -0.2240802675585284 -0.2173913043478261 -0.2107023411371237 -0.2040133779264214 -0.197324414715719 -0.1906354515050167 -0.1839464882943144 -0.177257525083612 -0.1705685618729097 -0.1638795986622074 -0.157190635451505 -0.1505016722408027 -0.1438127090301003 -0.137123745819398 -0.1304347826086957 -0.1237458193979933 -0.117056856187291 -0.1103678929765887 -0.1036789297658863 -0.09698996655518399 -0.09030100334448166 -0.08361204013377932 -0.07692307692307698 -0.07023411371237465 -0.06354515050167231 -0.05685618729096986 -0.05016722408026753 -0.04347826086956519 -0.03678929765886285 -0.03010033444816052 -0.02341137123745818 -0.01672240802675584 -0.01003344481605351 -0.003344481605351168 0.003344481605351168 0.01003344481605351 0.01672240802675584 0.02341137123745818 0.03010033444816052 0.03678929765886285 0.04347826086956519 0.05016722408026753 0.05685618729096986 0.0635451505016722 0.07023411371237454 0.07692307692307687 0.08361204013377921 0.09030100334448155 0.09698996655518388 0.1036789297658862 0.1103678929765886 0.1170568561872909 0.1237458193979932 0.1304347826086956 0.1371237458193979 0.1438127090301002 0.1505016722408026 0.1571906354515049 0.1638795986622072 0.1705685618729096 0.1772575250836119 0.1839464882943143 0.1906354515050166 0.1973244147157189 0.2040133779264215 0.2107023411371238 0.2173913043478262 0.2240802675585285 0.2307692307692308 0.2374581939799332 0.2441471571906355 0.2508361204013378 0.2575250836120402 0.2642140468227425 0.2709030100334449 0.2775919732441472 0.2842809364548495 0.2909698996655519 0.2976588628762542 0.3043478260869565 0.3110367892976589 0.3177257525083612 0.3244147157190636 0.3311036789297659 0.3377926421404682 0.3444816053511706 0.3511705685618729 0.3578595317725752 0.3645484949832776 0.3712374581939799 0.3779264214046822 0.3846153846153846 0.3913043478260869 0.3979933110367893 0.4046822742474916 0.4113712374581939 0.4180602006688963 0.4247491638795986 0.4314381270903009 0.4381270903010033 0.4448160535117056 0.4515050167224079 0.4581939799331103 0.4648829431438126 0.471571906354515 0.4782608695652173 0.4849498327759196 0.491638795986622 0.4983277591973243 0.5050167224080266 0.511705685618729 0.5183946488294313 0.5250836120401337 0.531772575250836 0.5384615384615383 0.5451505016722409 0.5518394648829432 0.5585284280936456 0.5652173913043479 0.5719063545150502 0.5785953177257526 0.5852842809364549 0.5919732441471572 0.5986622073578596 0.6053511705685619 0.6120401337792643 0.6187290969899666 0.6254180602006689 0.6321070234113713 0.6387959866220736 0.6454849498327759 0.6521739130434783 0.6588628762541806 0.6655518394648829 0.6722408026755853 0.6789297658862876 0.68561872909699 0.6923076923076923 0.6989966555183946 0.705685618729097 0.7123745819397993 0.7190635451505016 0.725752508361204 0.7324414715719063 0.7391304347826086 0.745819397993311 0.7525083612040133 0.7591973244147157 0.765886287625418 0.7725752508361203 0.7792642140468227 0.785953177257525 0.7926421404682273 0.7993311036789297 0.806020066889632 0.8127090301003344 0.8193979933110367 0.826086956521739 0.8327759197324414 0.8394648829431437 0.846153846153846 0.8528428093645484 0.8595317725752507 0.866220735785953 0.8729096989966554 0.8795986622073577 0.8862876254180603 0.8929765886287626 0.8996655518394649 0.9063545150501673 0.9130434782608696 0.919732441471572 0.9264214046822743 0.9331103678929766 0.939799331103679 0.9464882943143813 0.9531772575250836 0.959866220735786 0.9665551839464883 0.9732441471571907 0.979933110367893 0.9866220735785953 0.9933110367892977 1


