# Created by Octave 4.2.2, Sat May 05 18:12:53 2018 GMT <unknown@unknown>
# name: ans
# type: scalar
101


# name: delta
# type: matrix
# rows: 101
# columns: 1
 -1
 -0.98
 -0.96
 -0.9399999999999999
 -0.92
 -0.9
 -0.88
 -0.86
 -0.84
 -0.8200000000000001
 -0.8
 -0.78
 -0.76
 -0.74
 -0.72
 -0.7
 -0.6799999999999999
 -0.6599999999999999
 -0.64
 -0.62
 -0.6
 -0.5800000000000001
 -0.5600000000000001
 -0.54
 -0.52
 -0.5
 -0.48
 -0.46
 -0.4399999999999999
 -0.42
 -0.4
 -0.38
 -0.36
 -0.34
 -0.32
 -0.3
 -0.28
 -0.26
 -0.24
 -0.22
 -0.2
 -0.18
 -0.16
 -0.14
 -0.12
 -0.09999999999999998
 -0.07999999999999996
 -0.06000000000000005
 -0.04000000000000004
 -0.02000000000000002
 0
 0.02000000000000002
 0.04000000000000004
 0.06000000000000005
 0.08000000000000007
 0.1000000000000001
 0.1200000000000001
 0.1399999999999999
 0.1599999999999999
 0.1799999999999999
 0.2
 0.22
 0.24
 0.26
 0.28
 0.3
 0.3200000000000001
 0.3400000000000001
 0.3600000000000001
 0.3799999999999999
 0.3999999999999999
 0.4199999999999999
 0.4399999999999999
 0.46
 0.48
 0.5
 0.52
 0.54
 0.5600000000000001
 0.5800000000000001
 0.6000000000000001
 0.6200000000000001
 0.6399999999999999
 0.6599999999999999
 0.6799999999999999
 0.7
 0.72
 0.74
 0.76
 0.78
 0.8
 0.8200000000000001
 0.8400000000000001
 0.8600000000000001
 0.8799999999999999
 0.8999999999999999
 0.9199999999999999
 0.9399999999999999
 0.96
 0.98
 1


# name: fcheby
# type: matrix
# rows: 18
# columns: 1
 0.03874452712766766
 0.0411094325101943
 0.04643636833129765
 0.05625799351400505
 0.07407407407407406
 0.1084040428427355
 0.1829774310436257
 0.3738761582679033
 0.8404045763334037
 0.840404576333404
 0.3738761582679035
 0.1829774310436258
 0.1084040428427355
 0.0740740740740741
 0.05625799351400504
 0.04643636833129765
 0.0411094325101943
 0.03874452712766766


# name: fequi
# type: matrix
# rows: 18
# columns: 1
 0.03846153846153846
 0.04886709502874536
 0.0640230394328755
 0.08720579360289682
 0.1248919619706136
 0.190885072655218
 0.3161925601750548
 0.5622568093385214
 0.9203821656050956
 0.9203821656050956
 0.5622568093385214
 0.3161925601750546
 0.1908850726552179
 0.1248919619706137
 0.08720579360289682
 0.0640230394328755
 0.04886709502874536
 0.03846153846153846


# name: filename
# type: sq_string
# elements: 1
# length: 10
PA2-1-N_17


# name: flin
# type: matrix
# rows: 1
# columns: 300
 0.03846153846153846 0.03896103330128745 0.03947018709719005 0.03998924685971625 0.04051846742197562 0.0410581117337627 0.04160845116832804 0.04216976584249438 0.04274234495077035 0.04332648711414899 0.04392250074431592 0.04453070442403116 0.04515142730448993 0.04578500952051237 0.04643180262445817 0.04709217003981193 0.0477664875354371 0.04845514372155189 0.04915854056853911 0.04987709394976417 0.0506112342096414 0.05136140675825824 0.05212807269394167 0.05291170945522856 0.05371281150378569 0.05453189103991275 0.05536947875235503 0.05622612460425176 0.05710239865715055 0.05799889193513019 0.0589162173311911 0.05985501055819864 0.06081593114679604 0.06179966349284471 0.06280691795709788 0.06383843201997105 0.06489497149444044 0.06597733180027543 0.06708633930300026 0.06822285272117619 0.06938776460580585 0.07058200289588244 0.07180653255434023 0.07306235728891018 0.07435052136264519 0.07567211149915441 0.07702825888787602 0.07842014129502309 0.07984898528615807 0.08131606856668844 0.08282272244693012 0.0843703344387548 0.08596035099122522 0.08759428037302597 0.08927369570991765 0.09100023818587862 0.09277562041704975 0.09460163000806326 0.09648013330081393 0.09841307932621919 0.1004025039700098 0.1024505343640918 0.1045593935155188 0.1067314051856079 0.1089689990322101 0.1112747160286075 0.113651214172936 0.1161012745024194 0.1186278074270261 0.1212338593974174 0.1239226199222096 0.1266974289496136 0.1295617846284053 0.1325193514628846 0.1355739688759618 0.1387296601937228 0.1419906420637013 0.1453613343175736 0.1488463702870005 0.1524506075787908 0.1561791393123303 0.1600373058182039 0.1640307067919695 0.1681652138909684 0.1724469837546728 0.1768824714201485 0.1814784440934908 0.1862419952252586 0.1911805588226488 0.1963019239129957 0.201614249051702 0.207126076742365 0.2128463476070529 0.2187844141097239 0.2249500535948831 0.2313534803558767 0.2380053563917301 0.2449168004470914 0.2520993948554252 0.2595651896198313 0.2673267030673452 0.2753969182998281 0.28378927453607 0.2925176522939802 0.3015963511972634 0.3110400590064921 0.3208638102689627 0.3310829327546236 0.341712979596829 0.3527696447878275 0.3642686593922403 0.3762256655416493 0.3886560649665689 0.4015748385184119 0.4149963328474742 0.4289340101522841 0.4434001567258191 0.4584055459272097 0.4739590512442612 0.4900672053325733 0.5067337013818826 0.5239588339409 0.5417388775102104 0.5600654028792302 0.5789245334334893 0.5982961465876087 0.618153029192538 0.6384600002856612 0.6591730199224337 0.6802383090103936 0.7015915119363394 0.7231569410965331 0.7448469498275373 0.7665614871469482 0.7881878934283143 0.809600999764548 0.8306635942987752 0.8512273151410126 0.8711340206185565 0.8902176727142371 0.9083067482169342 0.9252271645312857 0.9408056742365248 0.9548736462093863 0.9672711141886482 0.9778509395576751 0.9864829077748107 0.9930575611490016 0.9974895677593556 0.9997204392458569 0.9997204392458569 0.9974895677593556 0.9930575611490016 0.9864829077748107 0.9778509395576751 0.9672711141886482 0.9548736462093863 0.9408056742365248 0.9252271645312857 0.9083067482169347 0.8902176727142375 0.8711340206185568 0.8512273151410128 0.8306635942987755 0.8096009997645484 0.7881878934283147 0.7665614871469487 0.7448469498275376 0.7231569410965333 0.7015915119363398 0.6802383090103941 0.659173019922434 0.6384600002856615 0.6181530291925383 0.598296146587609 0.5789245334334895 0.5600654028792305 0.5417388775102109 0.5239588339409004 0.5067337013818829 0.490067205332573 0.4739590512442609 0.4584055459272095 0.443400156725819 0.4289340101522841 0.4149963328474742 0.4015748385184119 0.3886560649665689 0.3762256655416493 0.3642686593922403 0.3527696447878275 0.341712979596829 0.3310829327546236 0.3208638102689627 0.3110400590064921 0.3015963511972634 0.2925176522939802 0.28378927453607 0.2753969182998281 0.2673267030673452 0.2595651896198313 0.2520993948554252 0.2449168004470914 0.2380053563917301 0.2313534803558767 0.2249500535948831 0.2187844141097239 0.2128463476070529 0.207126076742365 0.201614249051702 0.1963019239129958 0.1911805588226489 0.1862419952252587 0.1814784440934908 0.1768824714201486 0.1724469837546729 0.1681652138909685 0.1640307067919696 0.160037305818204 0.1561791393123304 0.1524506075787909 0.1488463702870006 0.1453613343175736 0.1419906420637013 0.1387296601937228 0.1355739688759619 0.1325193514628847 0.1295617846284053 0.1266974289496136 0.1239226199222097 0.1212338593974176 0.1186278074270261 0.1161012745024194 0.113651214172936 0.1112747160286075 0.1089689990322101 0.1067314051856079 0.1045593935155188 0.1024505343640918 0.1004025039700098 0.09841307932621919 0.09648013330081393 0.09460163000806326 0.09277562041704975 0.09100023818587862 0.08927369570991765 0.08759428037302597 0.08596035099122522 0.0843703344387548 0.08282272244693012 0.08131606856668844 0.07984898528615807 0.07842014129502309 0.07702825888787602 0.07567211149915441 0.07435052136264519 0.07306235728891018 0.07180653255434023 0.07058200289588244 0.06938776460580585 0.06822285272117619 0.06708633930300026 0.06597733180027543 0.06489497149444044 0.06383843201997108 0.06280691795709789 0.06179966349284474 0.06081593114679605 0.05985501055819864 0.05891621733119112 0.05799889193513022 0.05710239865715057 0.05622612460425178 0.05536947875235505 0.05453189103991277 0.0537128115037857 0.05291170945522856 0.05212807269394169 0.05136140675825825 0.05061123420964141 0.04987709394976419 0.04915854056853912 0.04845514372155188 0.04776648753543709 0.04709217003981192 0.04643180262445817 0.04578500952051237 0.04515142730448993 0.04453070442403116 0.04392250074431592 0.04332648711414899 0.04274234495077035 0.04216976584249438 0.04160845116832804 0.0410581117337627 0.04051846742197562 0.03998924685971625 0.03947018709719005 0.03896103330128745 0.03846153846153846


# name: i
# type: scalar
3


# name: interpolationcheby
# type: matrix
# rows: 1
# columns: 300
 0.04061182607508217 0.03789331030167425 0.03730490428461401 0.03799645562040976 0.03935539409692509 0.0409572126283622 0.04252395358945184 0.0438896738571595 0.04497196769332688 0.04574872350591491 0.04623937930072554 0.04649002276366525 0.04656175588626445 0.04652181140669933 0.04643696962307429 0.04636887954066915 0.04637093869182026 0.04648643115672216 0.04674766425455629 0.04717588093241867 0.04778175775650549 0.04856632764962495 0.04952219253229566 0.05063491412188148 0.05188449146746359 0.0532468516448009 0.05469529563786128 0.05620185497772638 0.05773852641180381 0.05927836182779403 0.06079639920039231 0.06227042740433314 0.06368158368287431 0.06501478733864537 0.06625901712567572 0.06740744275575301 0.06845742326344641 0.06941038651513974 0.07027160522297216 0.07104988535458473 0.07175718297321385 0.07240816531717212 0.07301973143512772 0.0736105069354539 0.07420032648490303 0.07480971661719946 0.07545939021448236 0.0761697627788422 0.07696049930086118 0.07785009921583712 0.07885552561813824 0.07999188362584793 0.08127215151919132 0.08270696710419556 0.08430447060719629 0.08607020436236512 0.08800706858266183 0.09011533162185331 0.09239269234461422 0.09483439152385884 0.09743336858311469 0.1001804594905838 0.1030646311946199 0.1060732476660494 0.1091923623694931 0.1124070318317144 0.1157016448949871 0.1190602622422779 0.1224669608423349 0.1259061780945534 0.1293630506368606 0.1328237430190994 0.1362757617276539 0.1397082503715074 0.1431122621977696 0.146481006491764 0.1498100658264886 0.1530975815530347 0.1563444053632079 0.1595542152012478 0.1627335942507041 0.1658920721681053 0.1690421281753414 0.1721991560514856 0.1753813914804473 0.1786098026079598 0.1819079450394371 0.1853017828643604 0.1888194776215859 0.1924911474221396 0.1963485987180464 0.2004250334483798 0.2047547345041429 0.2093727326321436 0.2143144580438675 0.2196153801079826 0.2253106385856421 0.2314346699148345 0.2380208320661001 0.2451010314763622 0.2527053555219498 0.2608617139175609 0.2695954923257 0.2789292213329581 0.2888822637970603 0.2994705233933229 0.3107061769934252 0.3225974332947053 0.3351483198870921 0.3483585006989035 0.362223125504804 0.3767327129108172 0.3918730679552443 0.4076252351823577 0.4239654877603479 0.4408653529282679 0.4582916737706719 0.4762067070355758 0.4945682564330733 0.5133298405805135 0.5324408944973757 0.55184700330058 0.571490166510771 0.5913090911533827 0.611239511626756 0.6312145341143141 0.6511650031401474 0.6710198877081864 0.6907066843255847 0.7101518340915024 0.7292811509340315 0.7480202580008527 0.7662950291537851 0.7840320324838541 0.8011589727519013 0.8176051296700335 0.8333017889710717 0.8481826632663344 0.8621842997659978 0.8752464720303346 0.8873125530336051 0.8983298669543763 0.908250017255599 0.9170291887838447 0.9246284217984413 0.9310138560366795 0.9361569431293526 0.9400346259002729 0.9426294833125901 0.9439298400621432 0.9439298400621431 0.9426294833125902 0.9400346259002729 0.9361569431293528 0.9310138560366797 0.9246284217984411 0.9170291887838447 0.9082500172555992 0.8983298669543764 0.8873125530336056 0.8752464720303352 0.8621842997659984 0.8481826632663348 0.833301788971072 0.8176051296700342 0.801158972751902 0.7840320324838547 0.7662950291537861 0.7480202580008537 0.7292811509340323 0.7101518340915033 0.6907066843255858 0.6710198877081877 0.6511650031401484 0.6312145341143154 0.6112395116267567 0.591309091153384 0.5714901665107717 0.5518470033005808 0.5324408944973771 0.5133298405805153 0.4945682564330738 0.4762067070355765 0.4582916737706733 0.4408653529282702 0.4239654877603511 0.4076252351823608 0.3918730679552477 0.3767327129108196 0.3622231255048071 0.3483585006989082 0.3351483198870964 0.3225974332947105 0.310706176993428 0.2994705233933267 0.2888822637970644 0.2789292213329646 0.2695954923257061 0.2608617139175671 0.2527053555219536 0.2451010314763669 0.238020832066105 0.2314346699148379 0.2253106385856503 0.2196153801079918 0.2143144580438756 0.209372732632157 0.2047547345041486 0.2004250334483869 0.1963485987180521 0.1924911474221433 0.188819477621589 0.1853017828643631 0.1819079450394511 0.1786098026079724 0.1753813914804641 0.172199156051493 0.1690421281753383 0.1658920721681175 0.1627335942507188 0.1595542152012636 0.1563444053632179 0.1530975815530493 0.1498100658264956 0.1464810064917737 0.1431122621977738 0.1397082503715185 0.1362757617276708 0.1328237430191249 0.1293630506368922 0.1259061780945695 0.1224669608423432 0.1190602622422905 0.1157016448950219 0.1124070318317252 0.1091923623695413 0.1060732476660548 0.1030646311946367 0.1001804594906223 0.09743336858319018 0.09483439152386786 0.0923926923446432 0.09011533162192399 0.0880070685826959 0.0860702043624102 0.0843044706072576 0.082706967104214 0.0812721515191373 0.07999188362584619 0.07885552561829384 0.07785009921575853 0.07696049930099919 0.07616976277881143 0.07545939021446348 0.07480971661721864 0.07420032648493616 0.07361050693541935 0.07301973143527951 0.07240816531706928 0.07175718297297268 0.07104988535454926 0.07027160522279674 0.06941038651505864 0.0684574232633718 0.06740744275573829 0.06625901712559137 0.06501478733890501 0.06368158368227694 0.0622704274044199 0.06079639919998143 0.05927836182771697 0.05773852641154389 0.05620185497770631 0.05469529563751904 0.05324685164532101 0.0518844914673513 0.05063491412144041 0.04952219253263559 0.04856632765050359 0.04778175775626899 0.04717588093126753 0.04674766425494954 0.04648643115754045 0.04637093869103047 0.04636887953969464 0.04643696962160724 0.0465218114067307 0.04656175588447486 0.04649002276261716 0.04623937929870742 0.04574872350416471 0.04497196769188672 0.04388967385512475 0.04252395358761669 0.04095721262681952 0.03935539409432072 0.03799645561858812 0.0373049042825058 0.03789331029919761 0.04061182607353192


# name: interpolationequi
# type: matrix
# rows: 1
# columns: 300
 0.03846153846153846 -1.842103079269636 -3.069053719342425 -3.789282546701979 -4.124176425537303 -4.173236557185838 -4.017268307952963 -3.721184340886071 -3.336460505725097 -2.903280543312902 -2.45240250903839 -2.006776899521181 -1.582943763586172 -1.192233579186048 -0.8417943695577356 -0.5354654024459113 -0.274515854220568 -0.05826501528464927 0.1154010459841423 0.2496029661315924 0.3481197170409968 0.415107661236106 0.4548774757687342 0.4717204521022367 0.4697766478369407 0.4529382461830206 0.4247822772732714 0.3885275778419913 0.3470115182301741 0.3026826135161782 0.2576056638876851 0.2134765429217094 0.1716441756806099 0.1331376256336174 0.0986965442738745 0.06880353356115895 0.04371723237646153 0.02350516719070937 0.008075607070722829 -0.002792163292351837 -0.009419589103497959 -0.01220291782580271 -0.011589797684034 -0.008058509890627105 -0.002099865872077639 0.005798261822426126 0.01516385670935373 0.02555124520294079 0.03654930503149548 0.0477875694033783 0.05894041624266205 0.06972954089646563 0.07992491462974727 0.089344430786003 0.09785243643957546 0.1053573403572405 0.1118084787132769 0.1171924087881177 0.1215287882904702 0.1248659843854111 0.1272765423440802 0.1288526292647613 0.1297015538176803 0.1299414486645427 0.1296971882903843 0.1290966016186172 0.12826702608937 0.1273322379686539 0.1264097825996723 0.1256087181642644 0.1250277773292828 0.1247539429298681 0.1248614265942997 0.1254110329354941 0.1264498866030708 0.1280114950783379 0.1301161165654865 0.1327713996418907 0.1359732594293479 0.139706953882668 0.1439483233053015 0.1486651563344187 0.1538186463293521 0.1593649032862662 0.1652564880270803 0.1714439374114728 0.1778772516379256 0.1845073172756264 0.1912872424481911 0.1981735835196417 0.2051274456627346 0.2121154427724724 0.2191105052796035 0.2260925274796488 0.2330488489855608 0.2399745678031324 0.2468726852879825 0.2537540858452164 0.2606373566551291 0.2675484549315807 0.274520232228357 0.2815918270907286 0.2888079388955596 0.296217997027814 0.3038752406012375 0.3118357247461812 0.3201572700604601 0.328898372154644 0.3381170883283923 0.347869918298479 0.3582106955730033 0.3691895055425241 0.3808516456515516 0.3932366421382284 0.4063773368024158 0.4202990560999321 0.4350188735810797 0.4505449753131199 0.4668761364674459 0.4840013157314899 0.5018993726413614 0.520538911342148 0.5398782526866132 0.5598655349970707 0.5804389422562279 0.6015270569767247 0.6230493335409997 0.6449166864170834 0.667032186354932 0.6892918564638357 0.7115855589748801 0.7337979625127571 0.7558095788464329 0.7774978573649661 0.798738324938395 0.8194057583779972 0.8393753764078438 0.8585240379015577 0.8767314331242587 0.8938812548482605 0.9098623364792606 0.9245697447333483 0.9379058149388189 0.9497811176939566 0.9601153463850643 0.9688381159494822 0.9758896642466103 0.9812214484657013 0.9847966301413257 0.9865904435541945 0.9865904435541943 0.9847966301413258 0.9812214484657011 0.9758896642466103 0.968838115949482 0.9601153463850643 0.9497811176939566 0.9379058149388189 0.9245697447333482 0.909862336479261 0.8938812548482611 0.8767314331242591 0.8585240379015584 0.8393753764078441 0.8194057583779979 0.7987383249383958 0.7774978573649668 0.7558095788464334 0.7337979625127575 0.7115855589748806 0.6892918564638366 0.6670321863549327 0.644916686417084 0.6230493335410004 0.6015270569767256 0.5804389422562285 0.5598655349970717 0.5398782526866144 0.520538911342149 0.5018993726413631 0.4840013157314911 0.4668761364674469 0.4505449753131209 0.4350188735810814 0.4202990560999343 0.4063773368024184 0.3932366421382308 0.380851645651555 0.3691895055425275 0.358210695573006 0.3478699182984824 0.3381170883283958 0.328898372154647 0.320157270060466 0.3118357247461855 0.3038752406012433 0.2962179970278193 0.2888079388955689 0.2815918270907389 0.2745202322283704 0.2675484549315911 0.260637356655137 0.2537540858452279 0.2468726852880004 0.2399745678031455 0.2330488489855766 0.2260925274796699 0.2191105052796264 0.2121154427724917 0.2051274456627467 0.1981735835196655 0.1912872424482263 0.184507317275668 0.1778772516379712 0.1714439374115066 0.1652564880270974 0.1593649032862994 0.1538186463294038 0.148665156334488 0.1439483233053787 0.1397069538827438 0.135973259429415 0.1327713996419895 0.1301161165655662 0.1280114950784204 0.126449886603181 0.1254110329355801 0.1248614265944181 0.1247539429299799 0.1250277773293815 0.1256087181643371 0.1264097825997397 0.1273322379687305 0.1282670260896375 0.1290966016188326 0.1296971882905464 0.1299414486648537 0.1297015538179298 0.1288526292650234 0.1272765423442206 0.1248659843859059 0.1215287882906949 0.1171924087884648 0.1118084787136501 0.1053573403575753 0.09785243644018976 0.08934443078662493 0.07992491463017114 0.06972954089693964 0.05894041624327456 0.04778756940426215 0.036549305032588 0.02555124520346989 0.01516385671055718 0.005798261823153149 -0.002099865871001728 -0.00805850988963059 -0.01158979768281831 -0.01220291782533933 -0.009419589101950787 -0.00279216329143981 0.008075607071742957 0.02350516719259538 0.04371723237752161 0.06880353356379366 0.09869654427443209 0.1331376256344071 0.1716441756819188 0.2134765429259761 0.2576056638906945 0.3026826135191546 0.3470115182303564 0.3885275778445179 0.4247822772783011 0.4529382461865109 0.4697766478386052 0.4717204521044215 0.4548774757698345 0.4151076612431713 0.3481197170462428 0.2496029661417207 0.115401045995121 -0.05826501527502227 -0.2745158542138656 -0.5354654024427578 -0.8417943695517641 -1.192233579179517 -1.582943763574508 -2.006776899517955 -2.452402509038208 -2.903280543306544 -3.336460505715563 -3.721184340868559 -4.017268307941864 -4.173236557165984 -4.124176425526302 -3.789282546689153 -3.069053719335388 -1.842103079255694 0.03846153847721617


# name: j
# type: scalar
18


# name: k
# type: scalar
101


# name: m
# type: scalar
100


# name: n
# type: matrix
# rows: 1
# columns: 3
 7 12 17


# name: newtoncoefficientscheby
# type: matrix
# rows: 1
# columns: 18
 0.03874452712766766 -0.07812994808473406 0.1248360358286182 -0.1930628309082198 0.3144959513264865 -0.5683267748913903 1.151239874163466 -2.020529804125367 -9.500511189633301 42.45156235010921 226.0799356130412 510.5424392264467 765.6570377634227 870.4105174568818 791.5706383393743 575.1293077208117 293.1161977943756 -9.700293752665007e-013


# name: newtoncoefficientsequi
# type: matrix
# rows: 1
# columns: 18
 0.03846153846153846 0.08844723082125859 0.1716077606088523 0.3353554361879041 0.6960480281755268 1.525880822414917 3.012084453771621 -1.524128013857308 -77.55836879637229 35.06950605135621 974.204385732437 -3901.172967955488 8492.308751424114 -12775.16197761692 14252.24685597603 -11757.28237542607 6246.056261945099 -1.818989403545856e-012


# name: runge
# type: function handle
@<anonymous>
@(x) 1 ./ (1 + 25 .* x .^ 2)


# name: temp
# type: matrix
# rows: 101
# columns: 1
 0.02922417942655686
 0.02557903770484173
 0.02590371248185926
 0.005727401284101687
 0.01575398653167878
 0.02938623753713994
 0.03246782677677385
 0.02609833734726158
 0.01328087530058957
 0.002378013264890427
 0.01750339162183565
 0.02943308543860572
 0.03643722707789597
 0.03775191127962178
 0.03348820651080884
 0.02446520190546975
 0.01200494622858315
 0.002282108524172877
 0.01670036247268862
 0.02964675741930821
 0.03975401757556879
 0.04599491609055675
 0.04774649369591154
 0.04481581149982247
 0.03743078224121699
 0.02620098845125549
 0.01205425042578737
 0.003844866206150849
 0.0201883378768109
 0.03562370417007688
 0.04885317780848797
 0.05872776230494162
 0.0643319417745285
 0.06505516781969911
 0.06064697006805533
 0.05125297688823094
 0.03742935668425024
 0.0201330767087099
 0.0006848384346306857
 0.01929942878295737
 0.03801386382833416
 0.05361095287392381
 0.06439796219816385
 0.06908103312886682
 0.06704205008009323
 0.05860638168165444
 0.04522117071853415
 0.02942889989140329
 0.01452443346383137
 0.003868314901650627
 1.110223024625157e-016
 0.003868314901650738
 0.0145244334638317
 0.02942889989140374
 0.0452211707185346
 0.058606381681655
 0.06704205008009367
 0.06908103312886738
 0.06439796219816429
 0.05361095287392426
 0.03801386382833416
 0.01929942878295737
 0.0006848384346306857
 0.02013307670870979
 0.0374293566842509
 0.05125297688823088
 0.06064697006805594
 0.06505516781969975
 0.0643319417745282
 0.05872776230494098
 0.04885317780848891
 0.03562370417007754
 0.02018833787681226
 0.003844866206152819
 0.01205425042578723
 0.02620098845125149
 0.03743078224121432
 0.04481581149981975
 0.04774649369590554
 0.04599491609055173
 0.03975401757556524
 0.02964675741930364
 0.01670036247268135
 0.002282108524164411
 0.01200494622859595
 0.02446520190547993
 0.03348820651083195
 0.03775191127964043
 0.03643722707790553
 0.02943308543864124
 0.01750339162185049
 0.002378013264920098
 0.01328087530055364
 0.02609833734723246
 0.03246782677673715
 0.02938623753709738
 0.01575398653157483
 0.005727401284185682
 0.0259037124819507
 0.02557903770498481
 0.02922417942639602


# name: xcheby
# type: matrix
# rows: 18
# columns: 1
 0.9961946980917455
 0.9659258262890683
 0.9063077870366499
 0.8191520442889918
 0.7071067811865476
 0.5735764363510462
 0.4226182617406994
 0.258819045102521
 0.08715574274765814
 -0.08715574274765801
 -0.2588190451025209
 -0.4226182617406993
 -0.5735764363510462
 -0.7071067811865475
 -0.8191520442889919
 -0.9063077870366499
 -0.9659258262890683
 -0.9961946980917455


# name: xequi
# type: matrix
# rows: 18
# columns: 1
 -1
 -0.8823529411764706
 -0.7647058823529411
 -0.6470588235294117
 -0.5294117647058824
 -0.4117647058823529
 -0.2941176470588235
 -0.1764705882352942
 -0.05882352941176472
 0.05882352941176472
 0.1764705882352942
 0.2941176470588236
 0.411764705882353
 0.5294117647058822
 0.6470588235294117
 0.7647058823529411
 0.8823529411764706
 1


# name: xlin
# type: matrix
# rows: 1
# columns: 300
 -1 -0.9933110367892977 -0.9866220735785953 -0.979933110367893 -0.9732441471571907 -0.9665551839464883 -0.959866220735786 -0.9531772575250836 -0.9464882943143813 -0.939799331103679 -0.9331103678929766 -0.9264214046822743 -0.919732441471572 -0.9130434782608696 -0.9063545150501673 -0.8996655518394648 -0.8929765886287625 -0.8862876254180602 -0.8795986622073578 -0.8729096989966555 -0.8662207357859532 -0.8595317725752508 -0.8528428093645485 -0.8461538461538461 -0.8394648829431438 -0.8327759197324415 -0.8260869565217391 -0.8193979933110368 -0.8127090301003345 -0.8060200668896321 -0.7993311036789298 -0.7926421404682275 -0.7859531772575251 -0.7792642140468228 -0.7725752508361204 -0.7658862876254181 -0.7591973244147157 -0.7525083612040133 -0.745819397993311 -0.7391304347826086 -0.7324414715719063 -0.725752508361204 -0.7190635451505016 -0.7123745819397993 -0.705685618729097 -0.6989966555183946 -0.6923076923076923 -0.68561872909699 -0.6789297658862876 -0.6722408026755853 -0.6655518394648829 -0.6588628762541806 -0.6521739130434783 -0.6454849498327759 -0.6387959866220736 -0.6321070234113713 -0.6254180602006689 -0.6187290969899666 -0.6120401337792643 -0.6053511705685619 -0.5986622073578596 -0.5919732441471572 -0.5852842809364549 -0.5785953177257526 -0.5719063545150502 -0.5652173913043479 -0.5585284280936456 -0.5518394648829432 -0.5451505016722409 -0.5384615384615385 -0.5317725752508362 -0.5250836120401338 -0.5183946488294314 -0.5117056856187291 -0.5050167224080268 -0.4983277591973244 -0.4916387959866221 -0.4849498327759197 -0.4782608695652174 -0.4715719063545151 -0.4648829431438127 -0.4581939799331104 -0.4515050167224081 -0.4448160535117057 -0.4381270903010034 -0.431438127090301 -0.4247491638795987 -0.4180602006688964 -0.411371237458194 -0.4046822742474917 -0.3979933110367893 -0.3913043478260869 -0.3846153846153846 -0.3779264214046822 -0.3712374581939799 -0.3645484949832776 -0.3578595317725752 -0.3511705685618729 -0.3444816053511706 -0.3377926421404682 -0.3311036789297659 -0.3244147157190636 -0.3177257525083612 -0.3110367892976589 -0.3043478260869565 -0.2976588628762542 -0.2909698996655519 -0.2842809364548495 -0.2775919732441472 -0.2709030100334449 -0.2642140468227425 -0.2575250836120402 -0.2508361204013378 -0.2441471571906355 -0.2374581939799332 -0.2307692307692308 -0.2240802675585284 -0.2173913043478261 -0.2107023411371237 -0.2040133779264214 -0.197324414715719 -0.1906354515050167 -0.1839464882943144 -0.177257525083612 -0.1705685618729097 -0.1638795986622074 -0.157190635451505 -0.1505016722408027 -0.1438127090301003 -0.137123745819398 -0.1304347826086957 -0.1237458193979933 -0.117056856187291 -0.1103678929765887 -0.1036789297658863 -0.09698996655518399 -0.09030100334448166 -0.08361204013377932 -0.07692307692307698 -0.07023411371237465 -0.06354515050167231 -0.05685618729096986 -0.05016722408026753 -0.04347826086956519 -0.03678929765886285 -0.03010033444816052 -0.02341137123745818 -0.01672240802675584 -0.01003344481605351 -0.003344481605351168 0.003344481605351168 0.01003344481605351 0.01672240802675584 0.02341137123745818 0.03010033444816052 0.03678929765886285 0.04347826086956519 0.05016722408026753 0.05685618729096986 0.0635451505016722 0.07023411371237454 0.07692307692307687 0.08361204013377921 0.09030100334448155 0.09698996655518388 0.1036789297658862 0.1103678929765886 0.1170568561872909 0.1237458193979932 0.1304347826086956 0.1371237458193979 0.1438127090301002 0.1505016722408026 0.1571906354515049 0.1638795986622072 0.1705685618729096 0.1772575250836119 0.1839464882943143 0.1906354515050166 0.1973244147157189 0.2040133779264215 0.2107023411371238 0.2173913043478262 0.2240802675585285 0.2307692307692308 0.2374581939799332 0.2441471571906355 0.2508361204013378 0.2575250836120402 0.2642140468227425 0.2709030100334449 0.2775919732441472 0.2842809364548495 0.2909698996655519 0.2976588628762542 0.3043478260869565 0.3110367892976589 0.3177257525083612 0.3244147157190636 0.3311036789297659 0.3377926421404682 0.3444816053511706 0.3511705685618729 0.3578595317725752 0.3645484949832776 0.3712374581939799 0.3779264214046822 0.3846153846153846 0.3913043478260869 0.3979933110367893 0.4046822742474916 0.4113712374581939 0.4180602006688963 0.4247491638795986 0.4314381270903009 0.4381270903010033 0.4448160535117056 0.4515050167224079 0.4581939799331103 0.4648829431438126 0.471571906354515 0.4782608695652173 0.4849498327759196 0.491638795986622 0.4983277591973243 0.5050167224080266 0.511705685618729 0.5183946488294313 0.5250836120401337 0.531772575250836 0.5384615384615383 0.5451505016722409 0.5518394648829432 0.5585284280936456 0.5652173913043479 0.5719063545150502 0.5785953177257526 0.5852842809364549 0.5919732441471572 0.5986622073578596 0.6053511705685619 0.6120401337792643 0.6187290969899666 0.6254180602006689 0.6321070234113713 0.6387959866220736 0.6454849498327759 0.6521739130434783 0.6588628762541806 0.6655518394648829 0.6722408026755853 0.6789297658862876 0.68561872909699 0.6923076923076923 0.6989966555183946 0.705685618729097 0.7123745819397993 0.7190635451505016 0.725752508361204 0.7324414715719063 0.7391304347826086 0.745819397993311 0.7525083612040133 0.7591973244147157 0.765886287625418 0.7725752508361203 0.7792642140468227 0.785953177257525 0.7926421404682273 0.7993311036789297 0.806020066889632 0.8127090301003344 0.8193979933110367 0.826086956521739 0.8327759197324414 0.8394648829431437 0.846153846153846 0.8528428093645484 0.8595317725752507 0.866220735785953 0.8729096989966554 0.8795986622073577 0.8862876254180603 0.8929765886287626 0.8996655518394649 0.9063545150501673 0.9130434782608696 0.919732441471572 0.9264214046822743 0.9331103678929766 0.939799331103679 0.9464882943143813 0.9531772575250836 0.959866220735786 0.9665551839464883 0.9732441471571907 0.979933110367893 0.9866220735785953 0.9933110367892977 1


