# Created by Octave 4.2.2, Sat May 05 18:11:44 2018 GMT <unknown@unknown>
# name: ans
# type: scalar
101


# name: delta
# type: matrix
# rows: 101
# columns: 1
 -1
 -0.98
 -0.96
 -0.9399999999999999
 -0.92
 -0.9
 -0.88
 -0.86
 -0.84
 -0.8200000000000001
 -0.8
 -0.78
 -0.76
 -0.74
 -0.72
 -0.7
 -0.6799999999999999
 -0.6599999999999999
 -0.64
 -0.62
 -0.6
 -0.5800000000000001
 -0.5600000000000001
 -0.54
 -0.52
 -0.5
 -0.48
 -0.46
 -0.4399999999999999
 -0.42
 -0.4
 -0.38
 -0.36
 -0.34
 -0.32
 -0.3
 -0.28
 -0.26
 -0.24
 -0.22
 -0.2
 -0.18
 -0.16
 -0.14
 -0.12
 -0.09999999999999998
 -0.07999999999999996
 -0.06000000000000005
 -0.04000000000000004
 -0.02000000000000002
 0
 0.02000000000000002
 0.04000000000000004
 0.06000000000000005
 0.08000000000000007
 0.1000000000000001
 0.1200000000000001
 0.1399999999999999
 0.1599999999999999
 0.1799999999999999
 0.2
 0.22
 0.24
 0.26
 0.28
 0.3
 0.3200000000000001
 0.3400000000000001
 0.3600000000000001
 0.3799999999999999
 0.3999999999999999
 0.4199999999999999
 0.4399999999999999
 0.46
 0.48
 0.5
 0.52
 0.54
 0.5600000000000001
 0.5800000000000001
 0.6000000000000001
 0.6200000000000001
 0.6399999999999999
 0.6599999999999999
 0.6799999999999999
 0.7
 0.72
 0.74
 0.76
 0.78
 0.8
 0.8200000000000001
 0.8400000000000001
 0.8600000000000001
 0.8799999999999999
 0.8999999999999999
 0.9199999999999999
 0.9399999999999999
 0.96
 0.98
 1


# name: fcheby
# type: matrix
# rows: 8
# columns: 1
 0.03992255956611474
 0.05469399477003974
 0.1147255116443542
 0.5124248042991775
 0.5124248042991778
 0.1147255116443543
 0.05469399477003974
 0.03992255956611474


# name: fequi
# type: matrix
# rows: 8
# columns: 1
 0.03846153846153846
 0.07270029673590504
 0.1788321167883211
 0.6621621621621621
 0.6621621621621624
 0.1788321167883211
 0.07270029673590506
 0.03846153846153846


# name: filename
# type: sq_string
# elements: 1
# length: 9
PA2-1-N_7


# name: flin
# type: matrix
# rows: 1
# columns: 300
 0.03846153846153846 0.03896103330128745 0.03947018709719005 0.03998924685971625 0.04051846742197562 0.0410581117337627 0.04160845116832804 0.04216976584249438 0.04274234495077035 0.04332648711414899 0.04392250074431592 0.04453070442403116 0.04515142730448993 0.04578500952051237 0.04643180262445817 0.04709217003981193 0.0477664875354371 0.04845514372155189 0.04915854056853911 0.04987709394976417 0.0506112342096414 0.05136140675825824 0.05212807269394167 0.05291170945522856 0.05371281150378569 0.05453189103991275 0.05536947875235503 0.05622612460425176 0.05710239865715055 0.05799889193513019 0.0589162173311911 0.05985501055819864 0.06081593114679604 0.06179966349284471 0.06280691795709788 0.06383843201997105 0.06489497149444044 0.06597733180027543 0.06708633930300026 0.06822285272117619 0.06938776460580585 0.07058200289588244 0.07180653255434023 0.07306235728891018 0.07435052136264519 0.07567211149915441 0.07702825888787602 0.07842014129502309 0.07984898528615807 0.08131606856668844 0.08282272244693012 0.0843703344387548 0.08596035099122522 0.08759428037302597 0.08927369570991765 0.09100023818587862 0.09277562041704975 0.09460163000806326 0.09648013330081393 0.09841307932621919 0.1004025039700098 0.1024505343640918 0.1045593935155188 0.1067314051856079 0.1089689990322101 0.1112747160286075 0.113651214172936 0.1161012745024194 0.1186278074270261 0.1212338593974174 0.1239226199222096 0.1266974289496136 0.1295617846284053 0.1325193514628846 0.1355739688759618 0.1387296601937228 0.1419906420637013 0.1453613343175736 0.1488463702870005 0.1524506075787908 0.1561791393123303 0.1600373058182039 0.1640307067919695 0.1681652138909684 0.1724469837546728 0.1768824714201485 0.1814784440934908 0.1862419952252586 0.1911805588226488 0.1963019239129957 0.201614249051702 0.207126076742365 0.2128463476070529 0.2187844141097239 0.2249500535948831 0.2313534803558767 0.2380053563917301 0.2449168004470914 0.2520993948554252 0.2595651896198313 0.2673267030673452 0.2753969182998281 0.28378927453607 0.2925176522939802 0.3015963511972634 0.3110400590064921 0.3208638102689627 0.3310829327546236 0.341712979596829 0.3527696447878275 0.3642686593922403 0.3762256655416493 0.3886560649665689 0.4015748385184119 0.4149963328474742 0.4289340101522841 0.4434001567258191 0.4584055459272097 0.4739590512442612 0.4900672053325733 0.5067337013818826 0.5239588339409 0.5417388775102104 0.5600654028792302 0.5789245334334893 0.5982961465876087 0.618153029192538 0.6384600002856612 0.6591730199224337 0.6802383090103936 0.7015915119363394 0.7231569410965331 0.7448469498275373 0.7665614871469482 0.7881878934283143 0.809600999764548 0.8306635942987752 0.8512273151410126 0.8711340206185565 0.8902176727142371 0.9083067482169342 0.9252271645312857 0.9408056742365248 0.9548736462093863 0.9672711141886482 0.9778509395576751 0.9864829077748107 0.9930575611490016 0.9974895677593556 0.9997204392458569 0.9997204392458569 0.9974895677593556 0.9930575611490016 0.9864829077748107 0.9778509395576751 0.9672711141886482 0.9548736462093863 0.9408056742365248 0.9252271645312857 0.9083067482169347 0.8902176727142375 0.8711340206185568 0.8512273151410128 0.8306635942987755 0.8096009997645484 0.7881878934283147 0.7665614871469487 0.7448469498275376 0.7231569410965333 0.7015915119363398 0.6802383090103941 0.659173019922434 0.6384600002856615 0.6181530291925383 0.598296146587609 0.5789245334334895 0.5600654028792305 0.5417388775102109 0.5239588339409004 0.5067337013818829 0.490067205332573 0.4739590512442609 0.4584055459272095 0.443400156725819 0.4289340101522841 0.4149963328474742 0.4015748385184119 0.3886560649665689 0.3762256655416493 0.3642686593922403 0.3527696447878275 0.341712979596829 0.3310829327546236 0.3208638102689627 0.3110400590064921 0.3015963511972634 0.2925176522939802 0.28378927453607 0.2753969182998281 0.2673267030673452 0.2595651896198313 0.2520993948554252 0.2449168004470914 0.2380053563917301 0.2313534803558767 0.2249500535948831 0.2187844141097239 0.2128463476070529 0.207126076742365 0.201614249051702 0.1963019239129958 0.1911805588226489 0.1862419952252587 0.1814784440934908 0.1768824714201486 0.1724469837546729 0.1681652138909685 0.1640307067919696 0.160037305818204 0.1561791393123304 0.1524506075787909 0.1488463702870006 0.1453613343175736 0.1419906420637013 0.1387296601937228 0.1355739688759619 0.1325193514628847 0.1295617846284053 0.1266974289496136 0.1239226199222097 0.1212338593974176 0.1186278074270261 0.1161012745024194 0.113651214172936 0.1112747160286075 0.1089689990322101 0.1067314051856079 0.1045593935155188 0.1024505343640918 0.1004025039700098 0.09841307932621919 0.09648013330081393 0.09460163000806326 0.09277562041704975 0.09100023818587862 0.08927369570991765 0.08759428037302597 0.08596035099122522 0.0843703344387548 0.08282272244693012 0.08131606856668844 0.07984898528615807 0.07842014129502309 0.07702825888787602 0.07567211149915441 0.07435052136264519 0.07306235728891018 0.07180653255434023 0.07058200289588244 0.06938776460580585 0.06822285272117619 0.06708633930300026 0.06597733180027543 0.06489497149444044 0.06383843201997108 0.06280691795709789 0.06179966349284474 0.06081593114679605 0.05985501055819864 0.05891621733119112 0.05799889193513022 0.05710239865715057 0.05622612460425178 0.05536947875235505 0.05453189103991277 0.0537128115037857 0.05291170945522856 0.05212807269394169 0.05136140675825825 0.05061123420964141 0.04987709394976419 0.04915854056853912 0.04845514372155188 0.04776648753543709 0.04709217003981192 0.04643180262445817 0.04578500952051237 0.04515142730448993 0.04453070442403116 0.04392250074431592 0.04332648711414899 0.04274234495077035 0.04216976584249438 0.04160845116832804 0.0410581117337627 0.04051846742197562 0.03998924685971625 0.03947018709719005 0.03896103330128745 0.03846153846153846


# name: i
# type: scalar
1


# name: interpolationcheby
# type: matrix
# rows: 1
# columns: 300
 0.02339460443883627 0.02978547240994096 0.03548389973822119 0.04053068016504167 0.04496539694901496 0.04882644187989822 0.05215103416311428 0.05497523917495389 0.05733398708842576 0.05926109136974959 0.06078926714551749 0.0619501494404973 0.06277431128609591 0.06329128169948275 0.06352956353334782 0.0635166511963297 0.06327904824409794 0.06284228484107633 0.06223093509283803 0.06146863424913744 0.06057809577760621 0.05958112830809544 0.05849865244768263 0.05735071746632262 0.0561565178531573 0.05493440974347558 0.05370192721633325 0.05247579846282039 0.05127196182498076 0.05010558170539898 0.04899106434742425 0.04794207348606051 0.04697154586949882 0.0460917066513185 0.04531408465332733 0.04464952749906487 0.0441082166179577 0.04369968212012576 0.04343281754184506 0.04331589446166571 0.04335657698717597 0.04356193611243453 0.04393846394603969 0.04449208780986452 0.04522818420844488 0.04615159266900988 0.04726662945218611 0.04857710113333151 0.05008631805454822 0.05179710764732878 0.05371182762586675 0.05583237905102072 0.05816021926492521 0.06069637469626607 0.06344145353620226 0.06639565828493882 0.06955879816896342 0.07293030142893236 0.07650922747820353 0.0802942789320345 0.08428381350742488 0.08847585579362229 0.09286810889327154 0.09745796593422607 0.1022425214520052 0.1072185826429162 0.1123826804878222 0.1177310807465605 0.1232597948230273 0.1289645905009041 0.1348410025500439 0.1408843432035113 0.1470897125052726 0.1534520085285444 0.1599659374647968 0.1666260235833987 0.173426619061936 0.1803619136871657 0.1874259444266379 0.1946126048709606 0.2019156545467256 0.2093287281000856 0.2168453443509827 0.2244589152180396 0.23216275451409 0.2399500866123782 0.2478140549834021 0.2557477306024147 0.2637441202275778 0.2717961745487689 0.2798967962070471 0.2880388476847629 0.2962151590663333 0.304418535669661 0.3126417655482141 0.3208776268637555 0.3291188951297299 0.3373583503253 0.3455887838800408 0.353803005529286 0.3619938500401271 0.3701541838080682 0.3782769113243348 0.3863549815138337 0.39438139394377 0.4023492049029164 0.4102515333515362 0.4180815667419603 0.4258325667098189 0.433497874635925 0.4410709170788151 0.4485452110779398 0.4559143693275111 0.4631721052210021 0.4703122377663019 0.4773286963715223 0.4842155255014605 0.4909668892047139 0.4975770755114503 0.5040405007018305 0.5103517134450856 0.516505398809248 0.5224963821415356 0.5283196328193914 0.5339702678721758 0.5394435554735115 0.5447349183042853 0.5498399367863013 0.5547543521865888 0.5594740695923635 0.5639951607566445 0.5683138668145219 0.5724266008700806 0.5763299504539778 0.580020679851673 0.5834957323023138 0.5867522320682731 0.5897874863753426 0.5925989872235784 0.5951844130688013 0.5975416303747509 0.5996686950358929 0.6015638536708805 0.6032255447866711 0.6046523998132941 0.6058432440092748 0.6067970972377111 0.6075131746130046 0.6079908870182444 0.6082298414932469 0.608229841493247 0.6079908870182446 0.6075131746130045 0.6067970972377111 0.6058432440092748 0.6046523998132941 0.603225544786671 0.6015638536708805 0.5996686950358926 0.5975416303747507 0.5951844130688011 0.5925989872235782 0.5897874863753424 0.586752232068273 0.5834957323023137 0.5800206798516728 0.5763299504539775 0.5724266008700803 0.5683138668145216 0.5639951607566442 0.5594740695923632 0.5547543521865883 0.5498399367863011 0.5447349183042851 0.5394435554735112 0.5339702678721755 0.5283196328193912 0.5224963821415353 0.5165053988092476 0.5103517134450852 0.50404050070183 0.4975770755114498 0.4909668892047134 0.48421552550146 0.4773286963715219 0.4703122377663015 0.4631721052210018 0.4559143693275106 0.4485452110779395 0.4410709170788149 0.4334978746359247 0.4258325667098183 0.41808156674196 0.4102515333515358 0.4023492049029161 0.3943813939437697 0.3863549815138332 0.3782769113243344 0.370154183808068 0.3619938500401267 0.3538030055292857 0.3455887838800406 0.3373583503252996 0.3291188951297296 0.3208776268637553 0.3126417655482138 0.3044185356696609 0.2962151590663332 0.2880388476847629 0.2798967962070468 0.2717961745487689 0.2637441202275773 0.2557477306024146 0.2478140549834021 0.2399500866123782 0.2321627545140901 0.2244589152180396 0.2168453443509833 0.2093287281000855 0.2019156545467259 0.1946126048709608 0.187425944426638 0.1803619136871659 0.1734266190619358 0.166626023583399 0.1599659374647969 0.1534520085285452 0.1470897125052723 0.1408843432035109 0.134841002550044 0.1289645905009042 0.1232597948230275 0.1177310807465608 0.1123826804878222 0.1072185826429168 0.1022425214520052 0.09745796593422587 0.09286810889327235 0.08847585579362299 0.08428381350742539 0.08029427893203442 0.07650922747820399 0.07293030142893285 0.06955879816896411 0.06639565828493865 0.0634414535362023 0.06069637469626697 0.05816021926492553 0.05583237905102059 0.0537118276258671 0.05179710764732875 0.05008631805454829 0.04857710113333162 0.04726662945218581 0.04615159266901082 0.04522818420844524 0.04449208780986565 0.04393846394604009 0.04356193611243512 0.04335657698717689 0.04331589446166594 0.04343281754184598 0.04369968212012631 0.04410821661795827 0.04464952749906544 0.0453140846533277 0.04609170665131911 0.04697154586949964 0.04794207348606082 0.04899106434742507 0.05010558170539902 0.05127196182498062 0.05247579846282002 0.05370192721633445 0.05493440974347676 0.05615651785315796 0.05735071746632349 0.05849865244768337 0.05958112830809621 0.06057809577760704 0.06146863424913897 0.06223093509283875 0.06284228484107607 0.06327904824409675 0.06351665119632989 0.06352956353334863 0.06329128169948493 0.06277431128609813 0.06195014944049732 0.06078926714551765 0.05926109136975033 0.05733398708842666 0.05497523917495573 0.05215103416311602 0.04882644187990094 0.044965396949018 0.04053068016504205 0.03548389973822221 0.02978547240994267 0.0233946044388374


# name: interpolationequi
# type: matrix
# rows: 1
# columns: 300
 0.03846153846153846 0.06379987697439554 0.08677240936430676 0.1074948711546932 0.1260798044892793 0.1426366071771691 0.1572715814042829 0.1700879821111531 0.1811860650370806 0.1906631344306517 0.1986135904266138 0.2051289760891124 0.2102980241212873 0.2142067032412286 0.2169382642242945 0.2185732856117862 0.2191897190859857 0.2188629345115519 0.2176657646432771 0.2156685495002039 0.2129391804061015 0.2095431436963029 0.205543564090901 0.2010012477343058 0.1959747249011609 0.1905202923686204 0.1846920554549855 0.1785419697247018 0.1721198823597156 0.165473573197191 0.1586487954335871 0.1516893159950943 0.1446369555744319 0.1375316283340048 0.1304113812754202 0.1233124332753654 0.1162692137878439 0.1093144012127735 0.1024789609309425 0.09579218300532753 0.08928171954877009 0.08297362175801426 0.07689237661410367 0.07106094324913875 0.065500788979394 0.06023192500479532 0.05527294177475728 0.05064104402038044 0.04635208545300876 0.04242060312914699 0.038859851481738 0.03568183601780035 0.03289734668242562 0.030515990889136 0.02854622621660174 0.02699539277171877 0.02586974521904612 0.02517448447660374 0.02491378907802982 0.02509084620109869 0.02570788236259839 0.02676619377956834 0.02826617639689708 0.03020735558127996 0.03258841548153706 0.0354072280552908 0.0386608817620039 0.04234570992237711 0.04645731874410719 0.05099061501400473 0.05593983345647206 0.06129856375834139 0.06705977726007228 0.07321585331331029 0.07975860530480458 0.08667930634668602 0.09396871463310541 0.1016170984632314 0.1096142609306087 0.1179495642788762 0.1266119539238453 0.1355899821419378 0.1448718314249843 0.1544453375013825 0.1642980120236155 0.1744170649221299 0.1847894264255744 0.1954017687473977 0.2062405274388076 0.2172919224080886 0.2285419786062811 0.2399765463792189 0.2515813214859287 0.263341864783388 0.2752436215776438 0.2872719406412911 0.2994120928973114 0.311649289769272 0.3239687011978829 0.3363554733239177 0.3487947458374906 0.3612716689936959 0.3737714202946064 0.3862792208376323 0.3987803513302401 0.4112601677710311 0.4237041167971805 0.4360977506982361 0.448426742096277 0.4606768982924333 0.4728341752797642 0.4848846914224972 0.496814740801627 0.5086108062268752 0.520259571915008 0.5317479358345166 0.5430630217166559 0.5541921907328425 0.5651230528384158 0.5758434777827558 0.5863416057857621 0.5966058578806946 0.6066249459233712 0.6163878822677277 0.625883989107737 0.6351029074856887 0.6440346059668278 0.652669388980355 0.6609979048267851 0.6690111533516672 0.6767004932856632 0.6840576492509888 0.6910747184342112 0.69774417692541 0.7040588857236963 0.7100120964090918 0.7155974564807691 0.7208090143616508 0.7256412240693696 0.7300889495535875 0.7341474686996758 0.7378124769987551 0.7410800908840941 0.7439468507338702 0.7464097235402894 0.7484661052450651 0.7501138227412594 0.7513511355414816 0.7521767371124489 0.7525897558759064 0.7525897558759064 0.7521767371124488 0.7513511355414816 0.7501138227412593 0.7484661052450651 0.7464097235402893 0.7439468507338702 0.7410800908840941 0.7378124769987551 0.7341474686996761 0.7300889495535876 0.7256412240693696 0.7208090143616509 0.7155974564807692 0.7100120964090919 0.7040588857236965 0.6977441769254102 0.6910747184342113 0.684057649250989 0.6767004932856633 0.6690111533516672 0.6609979048267853 0.6526693889803552 0.6440346059668283 0.6351029074856889 0.6258839891077371 0.6163878822677279 0.6066249459233714 0.5966058578806949 0.5863416057857626 0.5758434777827555 0.5651230528384157 0.5541921907328424 0.5430630217166557 0.5317479358345168 0.520259571915008 0.5086108062268753 0.4968147408016272 0.4848846914224971 0.4728341752797642 0.4606768982924334 0.4484267420962771 0.4360977506982358 0.4237041167971806 0.4112601677710308 0.3987803513302404 0.3862792208376322 0.3737714202946065 0.3612716689936953 0.3487947458374907 0.3363554733239176 0.3239687011978825 0.311649289769272 0.299412092897311 0.2872719406412909 0.2752436215776435 0.2633418647833876 0.2515813214859278 0.2399765463792188 0.228541978606281 0.2172919224080888 0.2062405274388074 0.1954017687473985 0.1847894264255737 0.1744170649221296 0.1642980120236151 0.1544453375013825 0.1448718314249838 0.1355899821419375 0.1266119539238452 0.1179495642788757 0.1096142609306085 0.1016170984632317 0.09396871463310574 0.0866793063466863 0.07975860530480497 0.07321585331330985 0.06705977726007246 0.06129856375834151 0.05593983345647111 0.05099061501400372 0.04645731874410673 0.04234570992237703 0.03866088176200284 0.03540722805529088 0.03258841548153718 0.03020735558127992 0.02826617639689673 0.02676619377956763 0.02570788236259811 0.02509084620109854 0.02491378907802864 0.02517448447660296 0.02586974521904518 0.02699539277171958 0.02854622621660054 0.03051599088913608 0.03289734668242529 0.03568183601780001 0.03885985148173765 0.04242060312914472 0.04635208545300797 0.05064104402037987 0.05527294177475579 0.06023192500479412 0.06550078897939238 0.07106094324913792 0.07689237661410343 0.08297362175801479 0.08928171954877015 0.095792183005329 0.1024789609309417 0.1093144012127739 0.1162692137878447 0.1233124332753662 0.1304113812754192 0.1375316283340049 0.1446369555744313 0.1516893159950963 0.1586487954335843 0.1654735731971916 0.1721198823597154 0.178541969724702 0.1846920554549849 0.1905202923686205 0.1959747249011595 0.2010012477343065 0.2055435640909015 0.2095431436963041 0.2129391804060982 0.2156685495002038 0.2176657646432771 0.2188629345115532 0.2191897190859894 0.2185732856117885 0.2169382642242984 0.2142067032412309 0.2102980241212875 0.2051289760891132 0.198613590426617 0.1906631344306548 0.181186065037082 0.1700879821111565 0.1572715814042852 0.1426366071771723 0.1260798044892826 0.107494871154693 0.08677240936430686 0.06379987697439696 0.03846153846153691


# name: j
# type: scalar
8


# name: k
# type: scalar
101


# name: m
# type: scalar
100


# name: n
# type: matrix
# rows: 1
# columns: 3
 7 12 17


# name: newtoncoefficientscheby
# type: matrix
# rows: 1
# columns: 8
 0.03992255956611474 -0.09892756327463541 0.2790523472758568 -1.416163151362255 -3.57483361105142 -3.6348582267832 -2.005710257101965 4.980683750007265e-015


# name: newtoncoefficientsequi
# type: matrix
# rows: 1
# columns: 8
 0.03846153846153846 0.119835653960283 0.4403450033905531 2.181659814487037 -7.289494988559838 8.869026347610459 -5.173598702772763 -8.43769498715119e-015


# name: runge
# type: function handle
@<anonymous>
@(x) 1 ./ (1 + 25 .* x .^ 2)


# name: temp
# type: matrix
# rows: 101
# columns: 1
 0.002150287613543703
 0.001998619687177489
 0.0008968529926904473
 0.002420967721771118
 0.001435130410303707
 0.000687800453586844
 0.002388473089699958
 0.00280265984614439
 0.001868033147267627
 8.361194863325261e-005
 0.001822704520788365
 0.003182011608176438
 0.003569773560893233
 0.002879487223222219
 0.001302567259301293
 0.0007554529878569805
 0.00279003243236732
 0.004315410744956547
 0.00496334085499496
 0.004549062299676179
 0.003098597685161714
 0.0008381368915364451
 0.001848608224850265
 0.004485807568060357
 0.00658269948842849
 0.007711376263694031
 0.007574997007659345
 0.006058174830432361
 0.003253785342455906
 0.0005367788285413344
 0.004830095462010492
 0.00901155037435572
 0.01240592086191983
 0.01436135163546251
 0.01433911697738727
 0.01200077443430519
 0.007283900650605191
 0.000457420742631609
 0.007852557352125145
 0.01667562060498401
 0.02475793581314656
 0.0306799422599916
 0.03303721764841516
 0.03068384253462919
 0.02302194397405621
 0.01029305094038135
 0.006212297822494328
 0.02414566154185005
 0.04040815223903471
 0.05180510715150111
 0.05590747791183026
 0.05180510715150111
 0.04040815223903438
 0.02414566154184961
 0.006212297822493884
 0.01029305094038158
 0.02302194397405688
 0.03068384253462964
 0.03303721764841572
 0.03067994225999238
 0.02475793581314711
 0.01667562060498684
 0.00785255735212903
 0.0004574207426293331
 0.007283900650601305
 0.01200077443430031
 0.01433911697738172
 0.0143613516354584
 0.01240592086191167
 0.009011550374352251
 0.004830095462005135
 0.0005367788285372543
 0.003253785342461735
 0.006058174830441659
 0.007574997007666978
 0.007711376263700748
 0.00658269948842613
 0.004485807568080924
 0.001848608224853651
 0.0008381368915188481
 0.003098597685118887
 0.004549062299637127
 0.004963340854950468
 0.00431541074496454
 0.002790032432280709
 0.0007554529879712918
 0.001302567259255608
 0.002879487223177726
 0.003569773561077016
 0.003182011607788138
 0.001822704520658171
 8.361194845203646e-005
 0.001868033147305742
 0.002802659845811281
 0.002388473090234433
 0.0006878004539416574
 0.001435130408822455
 0.002420967721019004
 0.0008968529919209656
 0.00199861968934769
 0.002150287611993457


# name: xcheby
# type: matrix
# rows: 8
# columns: 1
 0.9807852804032304
 0.8314696123025452
 0.5555702330196023
 0.1950903220161283
 -0.1950903220161282
 -0.555570233019602
 -0.8314696123025453
 -0.9807852804032304


# name: xequi
# type: matrix
# rows: 8
# columns: 1
 -1
 -0.7142857142857143
 -0.4285714285714286
 -0.1428571428571429
 0.1428571428571428
 0.4285714285714286
 0.7142857142857142
 1


# name: xlin
# type: matrix
# rows: 1
# columns: 300
 -1 -0.9933110367892977 -0.9866220735785953 -0.979933110367893 -0.9732441471571907 -0.9665551839464883 -0.959866220735786 -0.9531772575250836 -0.9464882943143813 -0.939799331103679 -0.9331103678929766 -0.9264214046822743 -0.919732441471572 -0.9130434782608696 -0.9063545150501673 -0.8996655518394648 -0.8929765886287625 -0.8862876254180602 -0.8795986622073578 -0.8729096989966555 -0.8662207357859532 -0.8595317725752508 -0.8528428093645485 -0.8461538461538461 -0.8394648829431438 -0.8327759197324415 -0.8260869565217391 -0.8193979933110368 -0.8127090301003345 -0.8060200668896321 -0.7993311036789298 -0.7926421404682275 -0.7859531772575251 -0.7792642140468228 -0.7725752508361204 -0.7658862876254181 -0.7591973244147157 -0.7525083612040133 -0.745819397993311 -0.7391304347826086 -0.7324414715719063 -0.725752508361204 -0.7190635451505016 -0.7123745819397993 -0.705685618729097 -0.6989966555183946 -0.6923076923076923 -0.68561872909699 -0.6789297658862876 -0.6722408026755853 -0.6655518394648829 -0.6588628762541806 -0.6521739130434783 -0.6454849498327759 -0.6387959866220736 -0.6321070234113713 -0.6254180602006689 -0.6187290969899666 -0.6120401337792643 -0.6053511705685619 -0.5986622073578596 -0.5919732441471572 -0.5852842809364549 -0.5785953177257526 -0.5719063545150502 -0.5652173913043479 -0.5585284280936456 -0.5518394648829432 -0.5451505016722409 -0.5384615384615385 -0.5317725752508362 -0.5250836120401338 -0.5183946488294314 -0.5117056856187291 -0.5050167224080268 -0.4983277591973244 -0.4916387959866221 -0.4849498327759197 -0.4782608695652174 -0.4715719063545151 -0.4648829431438127 -0.4581939799331104 -0.4515050167224081 -0.4448160535117057 -0.4381270903010034 -0.431438127090301 -0.4247491638795987 -0.4180602006688964 -0.411371237458194 -0.4046822742474917 -0.3979933110367893 -0.3913043478260869 -0.3846153846153846 -0.3779264214046822 -0.3712374581939799 -0.3645484949832776 -0.3578595317725752 -0.3511705685618729 -0.3444816053511706 -0.3377926421404682 -0.3311036789297659 -0.3244147157190636 -0.3177257525083612 -0.3110367892976589 -0.3043478260869565 -0.2976588628762542 -0.2909698996655519 -0.2842809364548495 -0.2775919732441472 -0.2709030100334449 -0.2642140468227425 -0.2575250836120402 -0.2508361204013378 -0.2441471571906355 -0.2374581939799332 -0.2307692307692308 -0.2240802675585284 -0.2173913043478261 -0.2107023411371237 -0.2040133779264214 -0.197324414715719 -0.1906354515050167 -0.1839464882943144 -0.177257525083612 -0.1705685618729097 -0.1638795986622074 -0.157190635451505 -0.1505016722408027 -0.1438127090301003 -0.137123745819398 -0.1304347826086957 -0.1237458193979933 -0.117056856187291 -0.1103678929765887 -0.1036789297658863 -0.09698996655518399 -0.09030100334448166 -0.08361204013377932 -0.07692307692307698 -0.07023411371237465 -0.06354515050167231 -0.05685618729096986 -0.05016722408026753 -0.04347826086956519 -0.03678929765886285 -0.03010033444816052 -0.02341137123745818 -0.01672240802675584 -0.01003344481605351 -0.003344481605351168 0.003344481605351168 0.01003344481605351 0.01672240802675584 0.02341137123745818 0.03010033444816052 0.03678929765886285 0.04347826086956519 0.05016722408026753 0.05685618729096986 0.0635451505016722 0.07023411371237454 0.07692307692307687 0.08361204013377921 0.09030100334448155 0.09698996655518388 0.1036789297658862 0.1103678929765886 0.1170568561872909 0.1237458193979932 0.1304347826086956 0.1371237458193979 0.1438127090301002 0.1505016722408026 0.1571906354515049 0.1638795986622072 0.1705685618729096 0.1772575250836119 0.1839464882943143 0.1906354515050166 0.1973244147157189 0.2040133779264215 0.2107023411371238 0.2173913043478262 0.2240802675585285 0.2307692307692308 0.2374581939799332 0.2441471571906355 0.2508361204013378 0.2575250836120402 0.2642140468227425 0.2709030100334449 0.2775919732441472 0.2842809364548495 0.2909698996655519 0.2976588628762542 0.3043478260869565 0.3110367892976589 0.3177257525083612 0.3244147157190636 0.3311036789297659 0.3377926421404682 0.3444816053511706 0.3511705685618729 0.3578595317725752 0.3645484949832776 0.3712374581939799 0.3779264214046822 0.3846153846153846 0.3913043478260869 0.3979933110367893 0.4046822742474916 0.4113712374581939 0.4180602006688963 0.4247491638795986 0.4314381270903009 0.4381270903010033 0.4448160535117056 0.4515050167224079 0.4581939799331103 0.4648829431438126 0.471571906354515 0.4782608695652173 0.4849498327759196 0.491638795986622 0.4983277591973243 0.5050167224080266 0.511705685618729 0.5183946488294313 0.5250836120401337 0.531772575250836 0.5384615384615383 0.5451505016722409 0.5518394648829432 0.5585284280936456 0.5652173913043479 0.5719063545150502 0.5785953177257526 0.5852842809364549 0.5919732441471572 0.5986622073578596 0.6053511705685619 0.6120401337792643 0.6187290969899666 0.6254180602006689 0.6321070234113713 0.6387959866220736 0.6454849498327759 0.6521739130434783 0.6588628762541806 0.6655518394648829 0.6722408026755853 0.6789297658862876 0.68561872909699 0.6923076923076923 0.6989966555183946 0.705685618729097 0.7123745819397993 0.7190635451505016 0.725752508361204 0.7324414715719063 0.7391304347826086 0.745819397993311 0.7525083612040133 0.7591973244147157 0.765886287625418 0.7725752508361203 0.7792642140468227 0.785953177257525 0.7926421404682273 0.7993311036789297 0.806020066889632 0.8127090301003344 0.8193979933110367 0.826086956521739 0.8327759197324414 0.8394648829431437 0.846153846153846 0.8528428093645484 0.8595317725752507 0.866220735785953 0.8729096989966554 0.8795986622073577 0.8862876254180603 0.8929765886287626 0.8996655518394649 0.9063545150501673 0.9130434782608696 0.919732441471572 0.9264214046822743 0.9331103678929766 0.939799331103679 0.9464882943143813 0.9531772575250836 0.959866220735786 0.9665551839464883 0.9732441471571907 0.979933110367893 0.9866220735785953 0.9933110367892977 1


